0.42945910178673924,-0.5353091305747413,-0.7273300589249982,-0.06122499331095854,-0.5470634748633726,-0.7950014731658143,0.26209580716714453,-0.6635197174019584,-0.7185307469850813,0.28533627948001883,-0.6342686916832341,-1.0717369054000292,0.38043601731603105,0.09466233198310198
-0.9569693547995053,0.26100011714038196,0.12684081688212823,-0.09053484642224768,0.05519970164204695,0.5928409992789904,-0.8034255052663669,0.45606783520899785,-0.2848905876178567,-0.7618520121562946,-0.5817377971733979,-0.9731352972544713,0.6932167916076218,0.17788580664950565
0.08674530609907456,0.009949084457131274,0.9961808408056455,2.1955249321609167,-0.995905122416181,0.02642161891423219,0.08645741841601987,-0.15197897796828155,-0.025460538387659656,-0.9996013774362339,0.012200295594556414,0.29563355512771466,0.508411821128941,0.10325344452601973
0.33081480933181906,0.9291884319318313,0.16483452275180788,0.8167937515113634,-0.6082279069559017,0.07638775593404286,0.7900783024127446,-0.040419023299356316,0.7215402796287919,-0.3616265597372865,0.5904285360361401,-0.28837511387844705,0.18205110007464853,0.07221799275939565
0.4914838598246472,-0.6356989859665396,-0.5952565957408451,-1.5573615470419417,-0.8438967483585339,-0.5164819679055151,-0.14520556097594783,-0.8443653111669852,-0.21513227010785688,0.5737012951611313,-0.7903068583080123,-1.1121383816525774,0.4130952053038624,0.0725119661360235
0.5553761669033259,0.18161814910308363,-0.8115245906022438,-1.497676121975199,0.7713533961962294,0.2521628471736306,0.5843182665994888,-0.31969098053798284,0.310759153384598,-0.950488688213415,-4.654062281664626e-05,-0.7694789504484327,0.43687384654097117,0.07455484193067792
-0.070179792472394,-0.5105702490744267,-0.8569672207783736,0.09779622417462375,-0.1437057782343161,0.855298846696834,-0.4978077260761781,-0.12455586512593586,0.9871288902826223,0.08821509847607462,-0.13339659054959085,-1.0679748117856536,0.21547605975490447,0.05652287393929615
-0.1544719244205615,-0.8163236509677657,-0.5565555870139709,-1.697446710745217,-0.2554036039065982,-0.511176142043816,0.8206509312227227,0.34774335228690323,-0.9544147021485627,0.26891383132122026,-0.12952964003197281,0.28688722641772935,0.46310815120627646,0.09731527316386039
-0.599194475061095,0.12791854379239714,0.7903181809943963,-0.43333539813032573,0.7895237214629339,0.2580752473127028,0.5568208508773776,0.906638969865829,-0.13273384761837653,0.9576189288430549,-0.2556319870788899,-0.20904496767004455,0.12316193166258539,0.05999100519135407
0.933707329613144,0.28091791615639994,0.22198141140428293,0.5665682031076098,0.3523645884641755,-0.8309116494481323,-0.43061006445258154,-1.463047253289834,0.06348085871476493,0.4802821620607307,-0.874813823269332,-0.9003641933988233,0.17595837026105718,0.0612355529106949
-0.17323378020864635,0.1192457274204633,0.9776351639986091,1.363706810757148,0.5155384574832913,0.8567655152599359,-0.013151072850722896,1.0631026631775338,-0.8391723042679442,0.5017303143655374,-0.2098964873367061,-0.2571114560558426,0.2384453355353802,0.0864344695662391
-0.08134188049295855,-0.6739301804445704,-0.7343034865529496,-0.2227835824984623,-0.658998115576248,-0.5163541233417924,0.54690026785044,1.817211002513473,-0.7477332292635009,0.5283905101285201,-0.4021175035500183,-0.3420883822920277,0.550664323863888,0.08081084648056784
-0.4317616270859928,0.039153924083774855,-0.9011375408920095,-0.7089266664649485,-0.8842901795793865,-0.21530857685288712,0.4143345206871383,-0.9225989114046009,-0.1777998191098975,0.9757608246708956,0.12758541202685109,-0.10089426811131999,0.16848166720546764,0.05694716292953324
0.45934940721617684,-0.7601461094900912,0.4595389149106146,-0.7925882527813046,0.12321064082293931,-0.45782146272264995,-0.8804650170554728,-0.6579572776711765,0.8796688354592014,0.4610611678482274,-0.1166419282431539,-0.5334262782526621,0.6728631204493963,0.1543563310366193
0.8943797052469185,0.33910393540953376,-0.291707839853854,0.13000919192579563,-0.04105724243048181,-0.5871528203155436,-0.8084342078607928,0.2427663739285476,-0.44542030228362917,0.7350238680378138,-0.5112148938834732,0.3105167460628969,0.38980265849920165,0.13799878667828047
-0.4182901888800366,0.32517861779387075,0.8481109505344044,1.8732682295372463,-0.4378475398071361,0.7458905219335553,-0.5019331242053335,0.1498846992442362,-0.7958158391057202,-0.5812969945039765,-0.16962002950448457,0.31959213858839103,0.4174043012512163,0.06464722163707393
0.11115414987520723,0.790607065807981,0.6021504981813223,-0.3475741499165502,0.7642308360641351,-0.4553271380744335,0.45675860861253487,0.004873701789501694,0.6352920463646881,0.4094113638230385,-0.6548177998484208,0.26807765272149464,0.21364186984163666,0.07645443342069742
0.17386041381642353,-0.4591351425408847,0.8711873951059804,-0.23077631493858608,0.9521550686997967,-0.14741666023895178,-0.26771076450766607,-0.17261558735929472,0.25134295625075226,0.8760497983379455,0.41153793163592783,1.2518556719780967,0.453923564237282,0.09983199580956587
-0.3762704862603139,-0.5875225308955314,-0.7164061675191918,-1.13658517428776,-0.9173549912743346,0.34467476337771374,0.19914599537671493,1.2724111421615674,0.12992436705057486,0.7321315340706386,-0.668657667020936,-0.9022879435324199,0.3546235823771485,0.07634465242807136
0.5315058168230027,0.8470381546651417,-0.005284999979596951,-1.0700683006882514,-0.8429311292533318,0.5282932296537577,-0.10184976601693806,-0.9410253487286999,-0.08347860815212234,0.05858863408096984,0.9947857527817288,0.7792275204577526,0.8537315311408956,0.14084652115469182
-0.7715793697445117,-0.044803869633349584,0.6345532991408521,1.0381540067199624,0.132750925237625,0.9642137211027765,0.22949747686127484,1.518634571887541,-0.6221273728371195,0.26131305612811373,-0.7380196600794378,-1.0911390680953825,0.874505136093104,0.11757900703055682
-0.10805587338478641,0.9449484302807402,0.30886306405430936,-0.6294671242961367,-0.12068797206024512,0.29591560107060944,-0.947559164613485,-0.4653371046009256,-0.986791944447783,-0.13966538996109687,0.08206849103022569,0.11857471541577763,0.1017470106392811,0.07225775890694058
0.5933313686426145,-0.3765586070066039,-0.711450281097652,0.5048501151551921,0.46211767777878504,0.8830217937502258,-0.08197416450612016,0.04583891615687158,0.6590941805759059,-0.2801359085361596,0.6979389184445839,0.010580143675587683,0.4276377653131601,0.14590142330115666
-0.0717403000111193,-0.5076743311443777,0.8585569887033845,-0.17811778923380228,0.5823427210162954,-0.7201509081280069,-0.3771732026559473,-0.5803299949394732,0.8097717484783301,0.47291589423439323,0.3473042935911279,-0.3614332661241102,0.2057517294301226,0.07156247368151676
0.7904258750193961,-0.10473131480453478,0.6035381411303975,-0.34983565292286933,0.570126883611166,-0.2345368819814554,-0.7873676317796134,-0.26921653123080413,0.22401400108841873,0.9664490688545001,-0.1256738820385033,0.6905575366605805,0.346723939308237,0.1013436417800125
-0.35817872592057637,-0.0846331199961815,-0.9298092467262437,-2.117471748234167,0.28834891838847265,0.9371711168593083,-0.19638024083108416,-0.5577185129747515,0.888010642707682,-0.33844871505796653,-0.31127088799548985,-0.6378390058224145,0.483085436982253,0.08037185681390273
0.33216464541131746,0.9413593274284517,-0.05923904963979948,0.6519896138271446,0.9326352206798544,-0.3184050242630354,0.16973445634724474,-0.7830165514467997,0.14091910263059668,-0.11162820964034455,-0.9837077560567867,-1.5581692792163553,0.4623202613738985,0.08543251530708168
0.5743549489319835,0.18839464392571664,0.7966328205499954,-0.19761984838962265,0.07050665761838576,0.9581561236508326,-0.2774268443065562,-0.593319609792863,-0.8155643468597819,0.21550939852014095,0.5370386348119328,-0.19173882103250173,0.15393435662845417,0.05871956661740007
0.11300662043106546,0.9920204879780155,-0.055900404029030897,0.5861076340464239,-0.60778117605604,0.11352397655251086,0.7859480573038156,2.0041531894134934,0.786022611488172,-0.05484212048749333,0.6157603397830599,0.4268498931519754,0.7120164074757527,0.0911786474536035
-0.5924932792438009,-0.6752562715053276,-0.43929566563267003,-0.36175981221382814,0.5429481034626475,-0.737582910921039,0.4014708039989468,-0.7170232324853103,-0.5951126540389151,-0.0006459953326383985,0.8036420295708709,0.9618227723771124,0.2464450868179634,0.09318918613858707
0.8049271713858437,0.16349563991375837,-0.570404614720091,-1.1173658386002836,0.27209301533055874,0.752567051040007,0.5996734317086858,1.5837168035986504,0.5273117102560014,-0.6378965507181695,0.5612756460142848,0.7466173985650886,0.2648271687190945,0.06246268285111847
0.13970561617154903,-0.9744326442869807,-0.17596409451365472,0.9674118386554633,0.6103531936494078,-0.05518888576231175,0.7902045089027797,0.2817143175433049,-0.7797123314480133,-0.21779625487183454,0.587037879145551,1.0831954117913853,0.6343453320134088,0.1244198030940653
0.9931784180487668,-0.10554747364722872,-0.04956168609759392,-0.9328025678610862,0.09627695004021168,0.5024893785636333,0.8592061297044431,0.1955026178109427,-0.06578281548477116,-0.8581166326539891,0.509223394935342,1.034496246450654,0.24360816053449855,0.061313179825773084
0.5200262769572264,-0.1771679878210579,-0.8355741591058473,-1.681358894216697,0.2911578177537575,-0.8828953330282838,0.3684059663981377,1.3829024684120288,-0.8029942692416154,-0.434864731851542,-0.4075449282678053,-0.5786791414322762,0.7236014196094339,0.10951793444123255
0.5225044897599181,-0.2463863882419657,-0.8162614813096394,-0.6222558556515252,0.3222237558872634,0.9434030205909689,-0.07850217756050559,1.0382422022506566,0.789405415057835,-0.2220011000623988,0.5723238613306735,0.7329598279919202,0.23769567482547516,0.07869176883853897
0.9054701298869465,-0.04995045329097633,-0.4214603137883115,-1.2025584540228318,0.19402548030195022,0.9319198356649219,0.30639767115280486,-0.4333256717980412,0.37746252380350764,-0.359207978906776,0.8535172353348207,0.07825552222307164,0.2935364129539618,0.06281943313806007
0.9580180442956789,-0.09950727823988238,0.26888608811385695,0.14496565450273208,0.17257420106431345,0.949056413496572,-0.26364762302747513,0.943700687034807,-0.22895320904258176,0.2989819820295436,0.9263855582265893,1.2852747921509502,0.5304953633431693,0.10510662778567509
0.45936227251318956,0.8852567434615825,-0.07284779164334708,0.10403994986692679,-0.8565668154155234,0.4197769265121809,-0.3001343410822822,0.7744745121740432,-0.23511612730824494,0.20026939387680123,0.9511112324832421,1.3700254862955044,0.21491560090978068,0.057388316949974164
0.43730901263728983,-0.7797008637873831,0.44813769142464177,1.3523609563569032,-0.7058909772660481,0.011149531674390332,0.7082327415178045,-0.05050706267468086,-0.5572062057089657,-0.6260529138600431,-0.5455080140261619,-0.5887351380109702,0.2720171085899897,0.09589345482836692
-0.8801596470998084,-0.2670908391176774,0.3924047391107249,-0.194147237748505,0.28823418655717653,-0.9575455637350715,-0.005248530366407422,0.9751642089286902,0.377147251503791,0.10848491614367105,0.9197776762090047,0.4817913719214479,0.18605092568096146,0.08379379793818095
-0.4583490490111297,0.42110415549194363,0.7826796531774735,0.05458980928914381,0.09505182542038967,-0.8523539410284561,0.5142547128588237,-0.24740196051260488,0.8836748835147714,0.3101032883422497,0.3506488996196604,0.5501439933345814,0.12493867834618087,0.06517783411476108
-0.9142494016664433,-0.3962769117505615,0.08433647352117749,-0.742101253128805,0.37197095117042783,-0.7384851737765333,0.562385330176393,-0.2428232005752481,-0.16057908655213413,0.5455311698937845,0.822563128055471,0.994635796840414,0.3293994997682806,0.10711806587550819
-0.38010710673560455,-0.35534162669306724,0.8539618936159928,1.8472547008225528,0.2551086812820356,0.8471720069641684,0.4660677540345863,-0.025954728328543175,-0.8890658851534168,0.3950087580743341,-0.2313653666842637,-0.7154726623864305,0.32063760364710353,0.06194248816644057
0.9194617782065901,-0.17366781374763937,-0.3527457000238137,-0.8807375866747529,0.03788617451772285,-0.8538536249667569,0.5191325696886503,1.601122988275228,-0.3913498130797915,-0.4906867408023616,-0.7785061632403228,-0.9612998757586613,0.3691152258635083,0.06804527205031011
-0.5291185355508257,0.8478699112117434,0.033914436429644215,-0.16290558678821793,0.5637729253000608,0.3811349991075382,-0.732732011825544,0.42160087356239995,-0.634187404506871,-0.3685820480124987,-0.6796716926926931,-1.2238835743599021,0.49455004214209664,0.11455146646698089
0.08101110132994074,0.8481880748583585,-0.5234636483361396,0.6453613005823337,0.891035254759724,0.17371805356491737,0.41937836453599997,0.2111814191599523,0.44664681375398113,-0.5003988684376575,-0.7416923865253898,-0.2904427339536958,0.21008391382261493,0.0811045494449982
0.2548979817659996,0.11735701363916302,-0.9598199572009939,-2.0302228187352904,0.7735747968836973,-0.6203128686082586,0.12959158408376645,0.19448219175661116,-0.580180189697965,-0.7755251616734886,-0.2489009262605155,-0.04333931846182901,0.16828985374354377,0.05748169723261906
0.7458428799001846,-0.6296806604193712,0.2173031624160665,1.2075767049440094,-0.4528647194620695,-0.24008953698225216,0.8586446063990555,0.3335878419184862,-0.4884996871736357,-0.7388229017332044,-0.46422922732825406,0.3367515541117447,0.25015513647794324,0.06609316592616175
0.17546939790448784,0.906941296625782,0.3829725510709376,-0.9773486520425128,0.8485577311257508,0.057907500557428694,-0.5259244226368551,-0.14871660178170204,-0.4991595610080553,0.4172579608035499,-0.7594310546720544,-0.8111819275415584,0.7908217702282719,0.18317229565609014
-0.19206754669909254,-0.9777273895665992,-0.08461211022232894,-1.1153595503985696,-0.7910380055959962,0.20526671633700033,-0.57630239359813,-1.1132447032250377,0.5808346849213644,-0.043757591975667934,-0.8128445988851684,-1.1372428445758758,0.39287694376924936,0.07471321009260384
-0.11347679720335303,0.5243197937402259,0.8439264010496863,0.027991478919081825,-0.8484594198634043,-0.49310105611017013,0.19227054196649618,-0.6416005572522668,0.51695225054305,-0.6942190593431169,0.5008195965647049,0.651351511696053,0.3681561033054595,0.14550607002516439
0.8559096308832889,-0.4773031982130745,-0.1989983938045804,0.9857245564731879,0.5170809317220959,0.7848829179217705,0.3414470899041555,-0.08287167244942178,-0.006783348040715989,-0.3951461275657119,0.9185932310109739,0.920732392927556,0.5390740884125195,0.13669189586628733
0.3780116647753077,-0.7183903873841533,-0.5839712600872126,-1.5927183219532486,-0.6792375702822214,0.2134059643536774,-0.7022066771936745,0.03748074193392459,0.6290814767666465,0.6620975348786032,-0.4072877973826025,-0.13337791586347308,0.36637445579084665,0.11019505366425798
0.09665419155720847,0.598870600358406,-0.794991805794742,-0.8935090653667932,0.5298924118368443,0.6451668362479288,0.5504305453765901,-0.5774986711899612,0.842539019352905,-0.4744615447348717,-0.25497890782502913,-0.7762636058903896,0.3395990669026423,0.08319343755427126
-0.049085136175794276,-0.25538314012711516,0.965593134371521,0.02177709063048172,-0.9604180964249993,-0.2533403655819885,-0.11582633217953874,0.9232389644028665,0.27420381008655614,-0.9330584713219203,-0.23283934295650535,-0.1276600850652176,0.14610213464611765,0.06206428612840468
-0.6128410532536648,0.7546609368038527,0.23433461952786697,0.6234244287243779,0.044721494828894114,0.3291968179335459,-0.9432016979218694,0.08460085881739765,-0.7889396880289442,-0.567552927509637,-0.2354948898129911,0.0916564191135193,0.14802951302448752,0.08188588540075704
-0.9532765969657673,0.27973267696935117,-0.11407611105278229,0.05278110960230617,-0.2012974793897654,-0.8697381430551285,-0.45059392728524855,0.8600938605584343,-0.2252621904996331,-0.40657741200241015,0.8854105000398005,0.5191182598252473,0.6067382573774951,0.1618123145589675
0.6018467692360704,-0.06208751562566991,0.796194452859059,0.840539306652445,0.7890832704073548,0.19977827344526528,-0.5808926181511193,0.6187875809668278,-0.12299617361258672,0.9778720682495543,0.1692281283179644,0.562358051262685,0.467718614534314,0.1172099063434549
-0.17632878922931353,-0.6919446841781985,0.7000862176378402,1.9580378648337156,-0.9689931698436273,0.24708745890840617,0.00015635404041909061,-0.20733619444552764,-0.1730907128800491,-0.678351193474088,-0.7140583053413473,-0.15050355337542487,0.7606673038127989,0.12343875883005381
-0.059530488231030444,-0.4692483817042449,0.8810573631943169,1.9956433644174485,0.6019417876354798,0.6872221914586557,0.4066838377228257,0.42055022080905397,-0.7963179046518911,0.5545553316258983,0.24154953714737662,0.683509317339133,0.31999744583159384,0.06873491452916701
-0.43957479543336336,0.31363017565041906,0.8416710237029691,-0.43961049249028294,-0.8488072104526012,-0.45152282875470906,-0.2750517307653582,-0.0038583748283742003,0.29376915887034544,-0.8353222420328774,0.4646896095909363,0.15906928515110913,0.4936642091138322,0.19180838271973544
-0.9631990618931082,-0.19658889675954436,0.183304044797439,1.2207909250493174,0.26781715430704506,-0.643982342173219,0.7166315056065925,0.2566434322115002,-0.02283722897185195,0.7393507615739368,0.6729330667554737,0.5039698143326139,0.2821798245094017,0.07425649158562436
-0.6843661979086265,-0.345525911784308,-0.6420706748059074,0.5751361520461876,-0.7146881535928961,0.4923270397650006,0.49682484743640654,0.7310674425042532,0.14444289623954462,0.7988904369197658,-0.5838752602432116,-0.4801063355813574,0.25485560926435474,0.10952252202394851
-0.8756987119996998,0.4694889831584412,-0.11283554623840664,1.0273703754599497,0.1827085493576422,0.5384888004675062,0.8225857996359361,0.7025421199451898,0.4469556485756643,0.699721306281236,-0.5573336000479319,-1.0891828067883833,0.42491645691715535,0.07862288843396896
0.2935464728638871,0.9502685552897343,-0.10401990721363016,0.9880995207571402,-0.937919518921492,0.2652698876068731,-0.22347004889943117,-0.002129213699141319,-0.18476321142275165,0.1631611459772146,0.969144466087566,0.7845601485037363,0.2125462106870573,0.07731011792841584
0.9684220199898217,-0.23298141088322868,-0.08876065221534525,1.014860247160546,0.0030943326561104732,-0.34475649722216883,0.9386870526051342,0.36615182207527563,-0.24929744544268123,-0.9093198666068838,-0.3331488614565455,-0.6819273392702098,0.5408090986383406,0.13343795587601642
-0.7831001575645771,0.4423432312540744,0.43713454334568314,-0.9266590443173376,0.5391710310123871,0.8332008978711146,0.1227634436785146,0.0926975310985571,-0.30991731564947117,0.331826354514636,-0.8909784104624272,-0.7336726144517368,0.8138811743807742,0.1721927209030369
0.2708163737560306,-0.8835605928455806,0.3820722058407287,-0.1381396598694153,-0.5077096704487101,0.20611060071573242,0.8365101976697368,1.815277722434522,-0.817856578037064,-0.4205224120578666,-0.3927741319365849,0.4619609068919874,0.46608110753429,0.06676719667702243
0.955033696891568,-0.06611801843049907,0.28903121879902327,1.315819979649075,0.11129764685705425,-0.8235900910461547,-0.556158426830583,-0.1116093154822897,0.2748153409213305,0.563318532953968,-0.7791975095089062,-0.8381395086292399,0.2272318908752493,0.07922942777822028
-0.878738022807256,-0.3734202179547278,0.29728240461796274,0.9960708959207597,0.4169801878103187,-0.9036784302047159,0.09743109234947417,1.286913021198132,0.23226495699193592,0.2095772783614294,0.9498054296265894,0.864103121516705,0.8835711795192942,0.12606134288267032
-0.8318907102476191,-0.10651092930310221,-0.5446221333573412,-1.858150376669013,0.3613728162575089,0.640828440049821,-0.6773098243000981,-0.9736958903837114,0.4211502509483148,-0.7602593849222136,-0.494609071655453,-0.404653495232365,0.486029718927574,0.06705260019539055
-0.12528188096217022,0.14028778223825683,-0.982152629919226,-1.3120753647527397,0.599018240538116,-0.7784490560261298,-0.1876012118155082,0.9202919777905381,-0.7908739455850096,-0.6118303730011275,0.01349062148682433,-0.7792794754589212,0.48407832249988086,0.06422166758329251
0.20855509677431042,-0.9712709894955243,-0.11461865718042269,1.0905853962972536,0.3452702344897073,-0.03653007675402055,0.9377920977848812,1.310936681015363,-0.9150372871008485,-0.2351557323492894,0.3277324286035619,0.3272215721997682,0.45724094749408045,0.13107243194948412
-0.2768166201190739,0.8982305413610482,-0.3414007226004224,0.5603360819037145,-0.888831858673818,-0.10432819029030341,0.44619900909481675,1.082405921280807,0.3651718579412965,0.426963140419625,0.8272556986148316,1.0841145132839627,0.13629347530474087,0.06201326521384926
0.7892067180327984,-0.2307126352404239,0.5691435988854815,1.223238046439531,-0.5365274726732715,0.19190721797940757,0.8217724081241935,1.6652648100135612,-0.29881604253910243,-0.9539094818838019,0.027670798568998112,-0.05007223958891818,0.1363344532703438,0.056271520072959436
0.5601519834300653,-0.8237582763417763,-0.08747604024982596,-0.24424425955810763,-0.07638115978038552,0.05378814927831678,-0.9956268143374889,0.14618612933958697,0.8248610027695376,0.5643838562145793,-0.03279007402239461,-0.2372274484603716,0.271619406725567,0.15007106691882877
0.9979307704721125,0.0634030703585195,0.010687750654296774,-0.8194942429632737,0.02938741018725791,-0.5976076591165588,0.8012499397115189,-0.17583308037760137,0.0571887879520247,-0.7992778843645928,-0.5982343237379805,-0.9064136513361576,0.5899497811711072,0.15103251572769325
-0.07622120630635901,-0.6284835039892611,0.7740793324476399,-0.4232552775081043,0.797573476599677,-0.5043357312471453,-0.3309411120004764,-0.09310626406776862,0.5983868958574444,0.5921604135711771,0.539702851081319,-0.11029150416961064,0.5304660250602713,0.17481221624457546
0.5166326684741746,-0.713560857738333,-0.4732035377815643,0.6012948473844802,0.6080603654183808,-0.08331932668017991,0.7895064799030004,0.330279049195357,-0.602787921140196,-0.695621155590668,0.39084258982637105,-0.27510262490066145,0.27818206612113877,0.13815555054696677
0.7761998002527991,-0.4439626272481504,0.44767293384169965,1.0778336998219988,0.297592041534775,0.883953370381153,0.36064583153970464,1.2240381013007506,-0.5558352695742504,-0.14670932008130966,0.8182441741305587,0.7013197327792411,0.14657100694142994,0.05879535995660893
0.22525109058675427,0.014051583325636934,0.9741994144914687,0.14362014546358348,0.18420178458782496,0.9812491253746681,-0.05674377944858495,0.7299058388242923,-0.9567296633554008,0.19223086889855068,0.21843910890307588,0.26862757925195135,0.30328861120067013,0.13998861319475436
0.8156088791863702,-0.17266123622281504,-0.5522411191665851,0.17855450484147173,0.4719149352703455,0.7507476276528047,0.4622491681360513,1.4881557765944784,0.3347811972933051,-0.6376253579333989,0.6937978472575179,0.5490744139240872,0.4508388646517125,0.1356472332133175
-0.8663328670586194,0.38556865977511073,-0.31749672762599807,0.5744554442112588,-0.3764241742546761,-0.08621285346453333,0.9224273331456457,0.21970153743611553,0.3282867717266072,0.9186425597024817,0.21982639289356198,0.2272589106522699,0.1522145427556157,0.1026672939240027
0.008694916253646823,0.9964407850542462,-0.08384605125955394,-1.3757491828762782,0.7144647985046588,0.05247401913691407,0.6977008879264208,1.0008384521162057,0.699617359796796,-0.06597150290918376,-0.7114656075137182,-0.512648139047128,0.680905651898763,0.14983574229769864
0.21130437757462261,0.7082261685195044,0.673621669961696,-0.11743841166570257,0.5346629347113256,0.4931787690813872,-0.6862290054881389,0.12228786975587347,-0.8182212453020724,0.5051637318251878,-0.27445144886623496,0.08235815100389943,0.28699364615358525,0.12540681149286514
0.3370012271353385,-0.8582346753329364,-0.38712196394088155,-0.7757398304314447,-0.2818099049909588,0.30037340758370495,-0.9112403598752308,0.08947459966223326,0.8983392178672057,0.4161839233712935,-0.14063282536098948,0.0586889800345006,0.0853575739141711,0.061841413239879975
-0.9270077444232311,0.03189204216439912,-0.37368374252292236,0.7530374243886765,0.2076848828229275,0.8733102132669469,-0.44067704824561327,-0.7808296127652952,0.3122877378735523,-0.4861195007919595,-0.8161888260222604,-1.250797654448461,0.31762085638557674,0.09205410716728103
0.6621810430665069,0.7454197823892915,0.07658729807255506,-0.2776348094019357,0.27691028725259137,-0.14844768762556124,-0.9493597720844881,0.12347207146850236,-0.696302347416006,0.6498558548334586,-0.30471365069788797,-0.36200314571903025,0.27261426285923374,0.15336672428285258
0.7606649791551923,-0.6484180858985032,0.030704647311967346,-1.1025986282846776,0.5605356802411834,0.6799540431215796,0.4727179395994728,0.23487109153194835,-0.32739661064736864,-0.34236893130413903,0.8806787008973687,1.2096994501810294,0.39113410584908564,0.08231126934420638
-0.9737286063055386,0.20085520112824626,0.10728368674689087,0.5359770908238447,-0.22686493230962354,-0.8962845957856462,-0.38105934688117876,-1.4606865533445859,0.01961896405071365,-0.3953872930900692,0.9183049519154757,1.0871601458575941,0.33123822591314056,0.07268056791305157
0.6843365563757743,0.40252404785483087,0.6079949576323052,-0.19475189254770142,0.22969044494709895,0.6723712369602448,-0.7036755070403928,-1.4689538645193365,-0.6920446351990241,0.621201505638156,0.36767228925381024,0.7584399879131545,0.27173075492283427,0.058895365218923204
0.8505757007693908,0.4494591832435276,0.27296047307022453,0.08837607035439965,-0.36089172692612437,0.8764829356574295,-0.31864529643102213,0.9079643217411081,-0.3824632514333101,0.17252276979980175,0.9077211880327931,1.1283555307858644,0.5471692747702567,0.12369731464773262
0.039426691567614955,-0.1911178478702403,-0.980774950851356,-0.10205696289309751,0.4898837812298937,-0.8517854665582693,0.18567552301801443,-0.6343531307764214,-0.8708957554609701,-0.48778631303631226,0.06004245110342305,0.7967659749228325,0.545580835157514,0.1506417454968382
0.036431494978724395,0.7900979349568023,-0.6118970496338514,0.45937438916861684,-0.18994294322551722,-0.5956669986887595,-0.7804501937932703,0.02634121956188873,-0.9811189655146022,0.1446584938747881,0.12837248793037695,-0.13344736368044366,0.7361553484432729,0.25718759950575576
-0.9838722249708615,-0.0822621724582817,0.15883444183592632,1.372013997978197,0.15492331917234442,-0.8357512674483505,0.5268003266277457,0.10800754122066747,0.08941034675869601,0.5429113684027251,0.835016787826191,0.6276413224497902,0.5155046362207615,0.1408244509657874
0.6252929891759756,-0.38689837007254524,0.6777302774132059,1.0874644442704762,0.49755225879204046,0.8666982550806627,0.03571952422797567,-1.182420323281137,-0.6012074745529297,0.3148710623022421,0.7344425005855434,0.20315437497673416,0.5306793974081989,0.12860870189181886
-0.27369328124989745,-0.1340149665993321,-0.9524347623465055,0.04475279061195425,0.8961929057050588,0.3239727680756916,-0.3031170092708383,-0.8450620314191571,0.34918514224203173,-0.9365263660318134,0.03143409239437363,0.7671882076303631,0.41080446111741087,0.10456446775761864
0.5628874468601813,-0.008044967024300548,0.8264944045018119,0.5972147489734995,0.08189242179749771,-0.994489560708943,-0.06545337953898578,1.0322738476066686,0.8224666275414265,0.1045265140838042,-0.5591268679236591,-0.4086854177530053,0.09145089149883112,0.07080411754359146
-0.5887968969018532,-0.7965052390055221,0.1374686089094693,1.257555246288685,-0.2582221288421155,0.024200245800155246,-0.9657824187048851,-1.0758710136545282,0.765923982112451,-0.60414712805737,-0.2199243080812974,-0.104870248520816,0.17561495437232313,0.07106603739007278
-0.01844487699525893,0.994162070309398,0.1063088165241328,1.2863835217474937,0.19670616561688606,-0.10064056013567302,0.9752836315984598,0.6418631463698243,0.980288973171142,0.038900586290054294,-0.19370150609987025,0.21643330325713944,0.5023189230338012,0.08782727798685118
0.2790354446922323,0.07056454266658665,-0.9576846380326165,-0.6094114845318785,0.8177903928046316,0.5052873537708913,0.2755060136469917,1.3669526124794582,0.5033468923534291,-0.8600612393530275,0.08328607639143491,-0.4590598796636388,0.36193284390446284,0.060477841032409316
-0.42619410298687405,0.01190208328998373,-0.9045534406504526,-1.6996302689648908,-0.6447903340725747,-0.7053383918425161,0.29452194838346146,1.1526335052069339,-0.634510844403617,0.7087708327847382,0.3082854114742338,0.43587437358004943,0.3747524261547738,0.08951927142387528
0.43232177946550154,-0.7682651839467269,0.47208737129379347,-0.5165747762394404,-0.8886231034739136,-0.2740845242784529,0.36773176844466976,-0.3795513599697294,-0.15312367214827466,-0.5784861974899278,-0.801190901309714,-0.5721732981048534,0.45610900008056127,0.14202747231245919
0.6731477665659831,0.35229021603096555,-0.6502028053277564,-0.18831968474000244,0.3379208997254765,-0.9286075990400654,-0.15328859231452796,0.9827881470729678,-0.6577853372460906,-0.11653124342381627,-0.7441363580756863,-0.18606582645514125,0.11038145573983335,0.059720929779706236
-0.8565002384929178,0.28601938944502114,-0.4296513124884788,-0.8761965483527284,0.3018072732217855,-0.39775445010720345,-0.8664316287222822,0.15234145602022786,-0.4187119669796955,-0.8717707876967509,0.2543540493614773,0.34668453351613704,0.21748418401079356,0.1026188372426014
-0.04444603498554193,-0.004251625825336057,0.9990027395617619,0.6677945719240757,-0.7545107917550197,0.6555655190797423,-0.0307784879245492,-1.2051132828687952,-0.6547808909087662,-0.7551263297432752,-0.03234518556405356,0.24896488939856923,0.25229823075648306,0.07356744826921596
-0.9704018588030229,0.2224709626586007,-0.09395160033439136,-0.25123252758720965,-0.005597864517799477,0.3682139098818937,0.9297242497011299,-0.25840555186427083,0.24143093493684295,0.9027320684141248,-0.35607010027841113,-0.6397457693489473,0.4153253752052236,0.1687136774681754
0.39664687506294255,0.217247374882806,-0.8918939592851451,-1.7136922200543894,0.4572622903823336,-0.8892332671696921,-0.01324365331083453,0.6366828227861452,-0.7959789282996786,-0.40257642090073364,-0.4520506288433303,-0.41684642127070676,0.09098908579264735,0.05823978136574766
-0.4739477834783885,-0.27267507788748596,0.8372704464120156,0.1312103397222284,-0.8716814510361014,0.2799180236499529,-0.40226527063058903,0.6963040360041547,-0.12467937461953872,-0.920485851023772,-0.370352334418892,-0.6447701458942219,0.7419983372804346,0.20756756047261077
-0.5096484073304401,0.12713893464533985,-0.8509372433985913,-1.506069474162154,-0.16874972558274454,-0.9845831564668149,-0.04603844173722649,-1.148989430521799,-0.8436717554957578,0.12013200780429664,0.5232458979099734,0.21984805140628894,0.5472195877539945,0.08283973022560148
0.8717349352905195,-0.4511623173156514,0.1911302331615933,0.6531107691434371,-0.4001447560253911,-0.8806363550967955,-0.25370018586357146,0.7385174043057133,0.28277619563784645,0.1446795545894514,-0.9482117114149057,-0.4439113600196365,0.11677993251630948,0.06193149436438919
0.7551767337489763,-0.07891511450857343,0.6507537979192487,1.634932468855336,-0.24533159195573587,-0.9546061915236462,0.1689361686945227,-0.8281705353305095,0.6078819875540745,-0.28722712930156624,-0.7402567564031344,-0.645967519912119,0.9367226455745442,0.1526844975528138
-0.06064387786823268,-0.8731169639874319,-0.48372418512461485,-1.0233895278531917,0.934533362884373,0.12058843576277627,-0.3348220763574464,0.8506268962210635,0.3506703776099826,-0.47236129853921843,0.8086439821758497,0.31115419735790345,0.8076235277202949,0.13070634825261815
0.7840398704934254,0.2867814594114246,-0.5504887610246975,0.21476210016110409,0.6055062397835022,-0.15827954140064449,0.7799421647514935,0.0011297367593052776,0.13654184362274097,-0.9448301335752661,-0.2977454342693567,0.09684984428938676,0.20966021091933285,0.09333992551686186
-0.4660361306605608,0.6582150072298251,0.5912388089227348,1.8491158595495087,0.8767384640899367,0.4333699389070028,0.20861486437202773,0.09485444519937128,-0.11891169204141146,0.6155838694354996,-0.7790484639524466,-0.4076121065032007,0.6518612497782906,0.10592048950789545
0.9738411614097219,0.21116435352536533,-0.08392263189616217,-1.1451016554055022,0.16623431734190386,-0.41026550776914905,0.8966874398990952,1.336162793959966,0.15491786237240499,-0.8871819593156394,-0.4346362007274908,0.17159284113637358,0.4472709025212893,0.07144190752606791
-0.938638001218222,-0.0020401414385486185,0.34489786965415126,-0.0719605710753628,-0.06130948715986646,0.9850439229855856,-0.1610267573211425,-1.2161121792751028,-0.33941103319317034,-0.17229134514559538,-0.9247247390086771,-1.5647760757373974,0.16314213440772246,0.0645076805294611
-0.6125728955756922,0.41317520264579627,0.6738254221418317,-0.12462100957767774,0.13741108461048596,-0.7838476275826235,0.605558494746183,-0.19453973301505312,0.7783782123313719,0.46353980266175443,0.42338895818870825,-0.06538565104017535,0.29442060952722277,0.11953408486879628
0.009131314962655405,0.9907347341824176,0.1355038950419784,-0.03638919420717818,-0.04684351722640459,0.13578459032913864,-0.9896303501424195,0.1645036669620794,-0.9988605027634802,0.0026891473821095604,0.047649391448841935,0.021893675433303308,0.3121121491138872,0.1729723694432902
-0.5966671534066116,0.5048383821748894,-0.6238000608598009,-1.8147135072441523,0.04879585121044296,0.7987172976189831,0.5997246396379569,1.1346022960107598,0.801003915689742,0.32739713860580555,-0.5012023949288666,-0.460586981911577,0.4879471140639884,0.07358049118007423
0.6861816115365783,0.700665757169843,0.1955052242746347,-0.34125885138016954,-0.5061880476062783,0.2668976446194776,0.8200849393551373,-0.40442357168296383,0.5224255511071492,-0.6616896130559901,0.5378088875466875,0.8226217858089995,0.8001945972434491,0.21047036419326867
0.9254413624345588,0.21629716078206618,-0.31108491273747857,-0.432584055399145,-0.08407858213438028,0.9178054786636722,0.38802563750507485,1.5397167266912735,0.36944428094306714,-0.3329393962458701,0.8675611112226594,0.5183104766785749,0.3522837230560921,0.09149528296517831
0.3828689887054567,0.3205298884565958,-0.8664132548003077,-0.8546225178699164,0.8575145207869801,0.22555223041987013,0.4623797551711122,-0.8422323750502163,0.3436279734351333,-0.919992816253814,-0.18850207933664606,0.29191856248468073,0.7899788919563693,0.14572517018654746
-0.4996248404672164,-0.8474883679911277,-0.1792720974045966,0.043641492672050974,-0.7564960158370356,0.5277016133527377,-0.3863221263241454,-1.6221139726850253,0.422005683386847,-0.05739750329633077,-0.9047744082391741,-1.3141375456335465,0.40472352956541946,0.06416695377829743
0.304773832802642,0.7008738157059358,-0.6448944140683723,-0.25976825680568505,0.7536210920539472,0.23656928678164318,0.6132619523197576,-0.5781026761636374,0.5823814561352406,-0.6729122283102207,-0.4560931621284954,-1.0008551826921313,0.645303238329195,0.15340063908322707
-0.6466182649198785,-0.12740625682615683,0.7520987070814265,1.771579969051122,0.39559290266114233,0.7870005774074665,0.47343040304193196,0.761673242715468,-0.6522201122597631,0.6036536563973265,-0.4584879368991081,-0.3917061298172933,0.11292016367456359,0.05690550644199589
0.11959575760394336,-0.45369565701910797,-0.8830951848839051,0.004155423728431806,0.8388696747002091,0.5219338463389614,-0.15454037955881458,0.7243966850384005,0.5310315655697917,-0.7223193966991454,0.44301260198856507,0.592405231108014,0.5698953274598196,0.18199268885169112
0.3088175842453571,0.8317673354306425,0.46129686685633453,1.5513537814033116,0.8389023979243384,-0.46674562089002014,0.27998444981245796,0.3978171636101302,0.4481902123180034,0.30051892634341465,-0.8419108673082588,-0.6371240768605424,0.22202969727276145,0.06297011774467794
-0.14747570216709766,-0.23707564197861514,0.9602322933804867,2.161899478194559,-0.9838638514347618,-0.06427619545097144,-0.1669745266150062,0.34282801703133947,0.10130567165898673,-0.9693625279939265,-0.22377097714168742,-0.004232953725397032,0.38987506163924385,0.06131633872460578
-0.46788592812874763,0.008086104956614264,0.8837518730762223,-0.21998688588531856,0.844718965592244,0.29812058088831134,0.44449295654665366,0.5527156734462078,-0.25987040506350445,0.9544939675856765,-0.1463169108978305,-0.6914124190813162,0.31198360075114284,0.09712081217805912
0.3496394925360505,-0.7507963515123001,-0.5604079441040712,-0.14228747072612502,-0.04227908075015569,-0.6101962638755594,0.7911213553452027,-0.5453322590363,-0.9359298609351316,-0.25291373649552434,-0.24509169162135527,-0.15307214481176407,0.461842377742527,0.19686814209285938
0.2633432384435928,0.20757860863478034,-0.9421048030889608,-0.15798415442509206,0.7788462954907531,0.5305114319347521,0.3345983690738334,1.2407295026369707,0.5692528320231454,-0.8218690539397304,-0.021965231841278247,0.43017684652589194,0.46812261423471757,0.09294702069570986
0.2185529319696451,-0.5140664330703859,0.8294397617173669,1.5455791173282993,0.3650820035371095,0.8313347502482682,0.4190437491754047,-0.43713607351953726,-0.904958422592332,0.21123029001528168,0.3693670504515235,1.0414657607267808,0.41073877721858526,0.06676445476047156
-0.8007344513073745,-0.14742754984059434,0.580594054428287,1.0445880998619061,0.5764937408092676,-0.45295763127145044,0.6800620200251546,1.685351570744486,0.16272463027217077,0.8792579267888097,0.44768984004758194,0.5870268583993687,0.22661937296706366,0.061637529807241374
0.8014490566628579,0.25930084970986417,0.5389271554801796,1.6112304053672897,0.5876374713489795,-0.5089477726309464,-0.6290106255068956,0.1195929974524822,0.11118278572149802,0.8208137633310865,-0.560270607907881,-0.49879496590059147,0.5469187375003965,0.09549465316344637
-0.9327907770990539,-0.3213485577326177,-0.16320683380946235,-0.3318888575967265,-0.0106535921821168,0.47721171980495874,-0.878723776538686,-2.0564041334087944,0.36026083208220155,-0.8179266953241959,-0.44856220744003833,-0.2516109737461313,0.4140885944388914,0.10150684943370462
0.6063898318857988,-0.6582722008297404,0.4460595043268137,1.666405697481047,0.4883506691149442,0.7510056460221279,0.44441438277566214,0.7732829539233191,-0.6275388400413946,-0.05165490545588502,0.7768698571716143,1.0973682206365953,0.5988971280099322,0.0909606490730958
-0.28904747206270565,0.9565278529565362,0.03880754324249989,0.27794312319798203,-0.9388332901460749,-0.29116128621612497,0.18389442276063683,1.3266918018928,0.18719939157928772,0.01672040452055025,0.9821796250508427,1.5143468726712126,0.3346956786011,0.061219461156451035
-0.19239426573650936,0.9542209261903086,-0.2290128173972346,0.9784475141482696,-0.054487004626607875,0.2226251508797815,0.9733803000485343,0.7973009495613658,0.979803864474176,0.19975101055129652,0.009160837582142213,0.11569252101391463,0.4140509357856938,0.11268942369935928
0.30432551760337495,-0.3729840859504008,0.8765094699791793,-0.28374288092516675,0.4153121162059478,-0.7761401174537184,-0.4744706146975442,-0.12998418406577533,0.857264151512225,0.5084185182570282,-0.08129443292964501,-0.6236640501954713,0.5101850667872542,0.18078070538881366
0.5089924704535851,0.6179180184846115,-0.5992528576933177,-0.8028160015440672,-0.8017672029594965,0.5936565978632049,-0.06885634373092091,-1.2226964637086963,0.3132028372797123,0.5155086480802591,0.7975931396861445,0.5882899019289496,0.3025730439314904,0.10455243161250821
-0.7248757219824185,0.38982169933407024,0.5679737937693653,-0.21437404789809944,0.13101664891889003,0.8874537203504117,-0.44188293918443783,-1.3924906040506981,-0.6763060146017719,-0.24589619143962144,-0.6943667889876048,-0.17788495054545472,0.290733296574553,0.08985254730283536
-0.9877985127807865,-0.06600500527644343,0.14105827670336463,-0.5290107330294185,0.0627482066178376,-0.9976527124605048,-0.027417656472475346,0.9919047870452347,0.1425368749282496,-0.01823196639570682,0.989621561349102,1.3561006585105702,0.5194030466970768,0.09617902088556599
-0.9515214962911853,-0.29982757413687783,0.06863139138163098,0.5374343684238603,0.11522960785831012,-0.5543636214469815,-0.8242591295757712,0.3249597612610814,0.285182361952144,-0.7763919119899323,0.562037916361533,0.6797018625948179,0.4202834518362293,0.15885581023652628
