-0.39394518400472617,-0.6211218151151696,-0.6775063710309441,0.04071059264963073,-0.2655314328207075,0.782592234675164,-0.5630652292677243,-1.3871650860948268,0.8799433221427756,-0.04191759790553246,-0.473225807413507,-0.598507356090824,0.08991428692773808,0.04674341960236126
0.42945910178673924,-0.5353091305747413,-0.7273300589249982,-0.06122499331095854,-0.5470634748633726,-0.7950014731658143,0.26209580716714453,-0.6635197174019584,-0.7185307469850813,0.28533627948001883,-0.6342686916832341,-1.0717369054000292,0.38043601731603105,0.09466233198310198
0.2048353326934948,-0.8695989522377521,0.4492662337048595,0.9043263105119843,0.9593755932338313,0.0873917352227555,-0.2682557654962707,0.6519766771498995,0.19401277686683352,0.48596331845290536,0.8521729258376263,1.7849960286550748,0.07142573716244326,0.013499645197587002
0.6432017055552042,0.7650881112282316,0.03052454795887912,-0.9218544877226703,0.5744985933832094,-0.45585259293267927,-0.679815989601059,-0.30104421396151726,-0.5062044371314723,0.4547951138411344,-0.7327472089708967,-0.5399474924349729,0.012195283704231423,0.005640206635739952
-0.9569693547995053,0.26100011714038196,0.12684081688212823,-0.09053484642224768,0.05519970164204695,0.5928409992789904,-0.8034255052663669,0.45606783520899785,-0.2848905876178567,-0.7618520121562946,-0.5817377971733979,-0.9731352972544713,0.6932167916076218,0.17788580664950565
-0.012106138586967293,0.1475982138269704,-0.9889733104000336,-1.599100486587636,0.9955239403455962,0.09449028531881294,0.0019157711625439986,1.0621449553900855,0.09373113467408287,-0.9845234142748751,-0.148081467906189,0.025490362074918366,0.19915794684561236,0.038434704313101205
-0.2596307846198853,-0.702723672852508,0.6623981395583353,1.248393556776282,0.8025134923149851,0.22454675568207472,0.5527665412857949,-0.40330720427957745,-0.5371814873299978,0.6750986551055598,0.5056459784716928,0.7954934984332845,0.14998886163776148,0.04625213190610041
0.04390083874386625,-0.24064004491643284,0.9696211039061609,1.370503295962901,0.11495127261625955,-0.9628939408638761,-0.24417506746499815,0.7271056133956433,0.9924005850872356,0.12217867011164914,-0.014609972219733168,0.17928200360210514,0.06635438387538746,0.023440752501155227
0.5278226148203248,-0.8490804915124005,0.021577910401501362,-0.5719971479287672,-0.17966802418548064,-0.13644695217248753,-0.9742184715597033,-1.817749043933997,0.8301341387809084,0.5103376805370138,-0.22457240136441597,-0.818600422763125,0.16283740152757417,0.03276600511485892
0.9979480195425494,0.04632963074370449,0.04419633023515891,-0.7424867644832565,-0.02886088238585049,-0.2906791287668487,0.9563852223697602,0.33815964762720063,0.05715592496857463,-0.9556982836724662,-0.2887455468513565,-1.1090716818378363,0.025978235711535003,0.0051132205047158714
-0.3630659294488201,-0.9300879928606195,-0.05585209405177516,-1.0444313849235112,0.33688251507303724,-0.18691911674524997,0.922806271561502,1.0760752040631907,-0.8687308570043597,0.3162239227694192,0.38119434512698536,0.3917256309732287,0.00014599851814374633,9.155010520885919e-05
0.43069083257689944,-0.2198699150406603,0.8753071616262659,1.2170164443669096,0.8030717710105073,-0.3491761424180903,-0.48285790060023764,-1.4941183962571345,0.41180230370927334,0.9108969436912357,0.026184358569595577,0.5459867127438903,0.2342857199347948,0.04821540540202188
-0.7235106731329847,0.188484768190748,0.6640826740871467,-0.11631033692742998,0.0770004600906182,0.978034060739418,-0.19370158796302525,-0.8521143462740945,-0.6860052733095342,-0.08901049485113804,-0.7221314955033238,-1.0796882815378546,0.08105746769144603,0.02014011645681426
-0.7659195250854889,0.050179629471222266,-0.6409752615186878,-1.2826602778919438,0.14483845205456347,0.984789538660231,-0.0959759727838557,-0.8951780907341143,0.6264096933311754,-0.1663477361778643,-0.7615374756170851,-0.03963325580115662,0.09634642278812523,0.019510876939011115
0.29080749358642644,-0.9542746745790849,-0.06921594564088691,0.5358290004598621,-0.06027479731599533,0.053926649696234966,-0.9967240667612353,-1.938663458716844,0.9548811185076895,0.2940268047466441,-0.04183643875836638,-0.20162482555219313,0.133741476887787,0.04456235746818281
0.5664342566339403,0.5845244170113292,-0.5809332481698056,-1.2544233885834521,0.822043896600059,-0.3509080840507108,0.4484499399157623,1.193999103241232,0.0582757666114041,-0.7315700393437562,-0.6792710891539755,0.2826574958126179,0.06868455730280422,0.01202135520122351
0.4515757252077049,0.297640119334039,0.841124083453776,1.3254343063385632,-0.8862066742979258,0.04024272168052078,0.46153900569892736,-0.48412237584978357,0.10352340234432905,-0.9538295878795977,0.2819432965198694,-0.22613236436306383,0.21400686781579756,0.04236693039855774
0.9103112407805934,-0.2632259297173245,0.3194456993495868,0.6013457374007924,-0.41355157505606027,-0.6111203958235422,0.6749125547633035,-0.4172075401523325,0.01756529752518243,-0.7464877572558892,-0.6651672636186513,-0.3524864541670899,0.11416889630712658,0.050648496693440334
0.08674530609907456,0.009949084457131274,0.9961808408056455,2.1955249321609167,-0.995905122416181,0.02642161891423219,0.08645741841601987,-0.15197897796828155,-0.025460538387659656,-0.9996013774362339,0.012200295594556414,0.29563355512771466,0.508411821128941,0.10325344452601973
0.33081480933181906,0.9291884319318313,0.16483452275180788,0.8167937515113634,-0.6082279069559017,0.07638775593404286,0.7900783024127446,-0.040419023299356316,0.7215402796287919,-0.3616265597372865,0.5904285360361401,-0.28837511387844705,0.18205110007464853,0.07221799275939565
0.4914838598246472,-0.6356989859665396,-0.5952565957408451,-1.5573615470419417,-0.8438967483585339,-0.5164819679055151,-0.14520556097594783,-0.8443653111669852,-0.21513227010785688,0.5737012951611313,-0.7903068583080123,-1.1121383816525774,0.4130952053038624,0.0725119661360235
0.5553761669033259,0.18161814910308363,-0.8115245906022438,-1.497676121975199,0.7713533961962294,0.2521628471736306,0.5843182665994888,-0.31969098053798284,0.310759153384598,-0.950488688213415,-4.654062281664626e-05,-0.7694789504484327,0.43687384654097117,0.07455484193067792
-0.070179792472394,-0.5105702490744267,-0.8569672207783736,0.09779622417462375,-0.1437057782343161,0.855298846696834,-0.4978077260761781,-0.12455586512593586,0.9871288902826223,0.08821509847607462,-0.13339659054959085,-1.0679748117856536,0.21547605975490447,0.05652287393929615
0.5873774331798305,0.5679909574093096,0.576518883725702,1.370448568905457,0.3094667964999065,0.5005895638970277,-0.8084802968418395,-0.1422718923246321,-0.7478088344324096,0.6532965336037223,0.11826067108807298,0.19875649503693085,0.03337068272474005,0.020384881267543776
0.07795805917444325,-0.9420077508179272,-0.3264106897892656,0.514995500368116,0.9400006300418411,0.17853213542238427,-0.2907319936685079,-0.8889501691240662,0.33214658891925397,-0.2841613520879882,0.899405898050947,1.0670974159046,0.07801292371730825,0.025040609984354475
0.5598061420240412,0.5302244294719696,-0.6367724379582421,-0.021010204713132308,-0.8240370334407656,0.43697235638880927,-0.360580264670924,-1.1591766339878087,0.08706348758406754,0.7265791176073917,0.6815443749210781,0.4403409699020696,0.011430506062352777,0.008764502286051988
-0.1544719244205615,-0.8163236509677657,-0.5565555870139709,-1.697446710745217,-0.2554036039065982,-0.511176142043816,0.8206509312227227,0.34774335228690323,-0.9544147021485627,0.26891383132122026,-0.12952964003197281,0.28688722641772935,0.46310815120627646,0.09731527316386039
-0.599194475061095,0.12791854379239714,0.7903181809943963,-0.43333539813032573,0.7895237214629339,0.2580752473127028,0.5568208508773776,0.906638969865829,-0.13273384761837653,0.9576189288430549,-0.2556319870788899,-0.20904496767004455,0.12316193166258539,0.05999100519135407
-0.4637078683246411,0.6706194484450524,0.579003081357147,1.0381249331809534,-0.33721511221966355,-0.7379145955588255,0.5846092864058304,-0.3123636386998383,0.8193051818123065,0.07583933694665594,0.56831981667631,0.626139266786941,0.006843441750318415,0.0053147577649478904
0.2717676202506194,-0.9614410743548885,0.042112006917659275,0.37823254325624556,-0.01684364586293283,-0.04850428962056912,-0.9986809427852563,-0.03346686480845806,0.9622154915492472,0.27069982347929566,-0.029376068336640304,0.4661625307602114,0.11369497137959408,0.04059649993962666
-0.9628097723647067,-0.13504312660244938,-0.23401003439266488,0.05928504903898907,-0.2534538271815507,0.751459462227608,0.6091550164905636,1.6274960092674378,0.09358685658812357,0.645811141577806,-0.7577397110406219,-1.0330782330212007,0.06962654208148784,0.017295694932852285
-0.548297340110192,-0.7225530194493255,0.4210548193676817,-0.20240606387431798,0.7796379252905771,-0.6237915316074402,-0.055216216308692084,-0.9054788621867152,0.3025470744804728,0.29799540127241325,0.9053529745595364,0.5563930739187994,0.1437924150428711,0.041448210020350956
-0.8725389361950233,-0.39311020505839905,0.2900692529424664,-0.6465538553108474,0.401215420152396,-0.9153651145455515,-0.03365848637336387,0.37714408551509127,0.2787507694260117,0.0870119172984536,0.9564135793643113,1.8379520743917745,0.06889404906690902,0.01647556660176769
-0.1413258177087397,-0.6484076646733484,-0.7480605013244657,-1.2975295530352158,-0.9052606630428919,-0.22118204333971012,0.3627418305781875,1.2004686024473497,-0.4006621334692112,0.7284545312488113,-0.5557192193068139,-1.372505427568077,0.042392514209888404,0.008612296986397492
-0.6783893589336404,-0.6820341128823628,0.27316175894581773,0.3270240978162214,0.015897472186118405,0.3580853733287506,0.9335534991558335,2.008674042875021,-0.7345305630562259,0.6376553412877349,-0.2320786885164731,-0.24773999320076964,0.1306836048450527,0.050632445034582335
0.17545970818491935,-0.9043758799485645,0.3889963477603903,0.3623715329188012,0.9842432818496362,0.15235765611317945,-0.08973464636112301,-1.1343267229496432,0.02188727798335358,0.3986118568118086,0.9168585139875844,1.3076997479972383,0.037565941837432365,0.024671376420831746
0.933707329613144,0.28091791615639994,0.22198141140428293,0.5665682031076098,0.3523645884641755,-0.8309116494481323,-0.43061006445258154,-1.463047253289834,0.06348085871476493,0.4802821620607307,-0.874813823269332,-0.9003641933988233,0.17595837026105718,0.0612355529106949
0.5558236166520084,0.8297571517582127,0.05062782118538609,1.0815603416289203,-0.8309162679760477,0.5563864667394259,0.0035007487733986877,0.2373248093762193,-0.02526386321681603,-0.04401327907934026,0.9987114540647094,0.8598037694690648,0.11860578372332287,0.04596183415700883
-0.6149600346554729,-0.2615160066452999,-0.7439311352839287,0.2426368041202276,0.7546071339330015,-0.4690045210031291,-0.45891484253186515,-0.7015822450944058,-0.22889348875396293,-0.8435900293074361,0.4857608807418713,0.27427938800942236,0.04972623100390837,0.016588527126596884
-0.8059638701812202,0.5109574240601634,0.298905922926113,-0.7589449320699826,-0.5736440971816429,-0.7987908418521636,-0.18128883236914944,-0.1355939612420679,0.14613243901053236,-0.31757786725607,0.9369042685877352,1.492417262483826,0.1721823079366,0.04407559169463975
-0.9230626820225661,-0.24010926085983902,0.30050428933153134,0.5381189427254163,0.3770482683020826,-0.4102703372534079,0.8303691069279828,-0.15490096524515673,-0.07609131637517953,0.8797873568194287,0.4692380188699287,1.1483674592975466,0.10945786794243954,0.025194159824324408
-0.17323378020864635,0.1192457274204633,0.9776351639986091,1.363706810757148,0.5155384574832913,0.8567655152599359,-0.013151072850722896,1.0631026631775338,-0.8391723042679442,0.5017303143655374,-0.2098964873367061,-0.2571114560558426,0.2384453355353802,0.0864344695662391
-0.5708478317969279,-0.4900213462450834,0.6587957446408581,0.9654445331692874,0.8093809426748482,-0.2010187159073965,0.5518097185531582,-0.4090967538165551,-0.1379682665235767,0.8482161022281395,0.5113650372809836,0.3100399325917204,0.014884584256992957,0.008249178771412574
-0.08134188049295855,-0.6739301804445704,-0.7343034865529496,-0.2227835824984623,-0.658998115576248,-0.5163541233417924,0.54690026785044,1.817211002513473,-0.7477332292635009,0.5283905101285201,-0.4021175035500183,-0.3420883822920277,0.550664323863888,0.08081084648056784
-0.6675789381407592,0.7180741966389023,0.19674300361703223,0.6733862086062445,0.5128334184891825,0.25191055449341765,0.8206966293433389,-0.06004936230997082,0.539759433666106,0.6487761714614787,-0.5364226254663673,-0.3377356907884624,0.01026158942583232,0.003195497214655727
-0.4354864884632896,0.8954066330415864,-0.09272798860669271,0.8900047073612478,0.45000453226242054,0.12732580459834383,-0.8839027437601178,-0.6899395834870586,-0.779645713968334,-0.4266557171637503,-0.4583857106218436,-0.40965170457056377,0.00414651616125452,0.001591094378015054
0.07831346791101765,0.008082448411444827,-0.9968960200399167,-1.9710061341028784,-0.03557341989536208,-0.9993076587949233,-0.01089655315947328,-0.23811783013424795,-0.9962938986768404,0.03631634757909037,-0.0779717279391475,-0.11948076261863108,0.001061787875168349,0.00031725564173415677
-0.4317616270859928,0.039153924083774855,-0.9011375408920095,-0.7089266664649485,-0.8842901795793865,-0.21530857685288712,0.4143345206871383,-0.9225989114046009,-0.1777998191098975,0.9757608246708956,0.12758541202685109,-0.10089426811131999,0.16848166720546764,0.05694716292953324
-0.10515764821279874,0.9444342698535015,0.3114253986890548,-0.7873837957545495,-0.8533094283302696,0.07512679768471602,-0.5159641303349569,-0.2905628841410104,-0.5106905996246864,-0.3199998034310696,0.7979945095419234,0.14811069272188482,0.07017578879013806,0.023331976605799037
-0.6033806909838312,-0.15948629375199463,-0.7813423474080531,-0.38178797343444254,0.7436806221587102,-0.46623316990191493,-0.47913021560828944,0.7648566301338806,-0.28787301709869967,-0.8701670836043298,0.3999229583782695,0.062433250861359646,0.11539535310800601,0.045685415061681806
0.45934940721617684,-0.7601461094900912,0.4595389149106146,-0.7925882527813046,0.12321064082293931,-0.45782146272264995,-0.8804650170554728,-0.6579572776711765,0.8796688354592014,0.4610611678482274,-0.1166419282431539,-0.5334262782526621,0.6728631204493963,0.1543563310366193
0.8943797052469185,0.33910393540953376,-0.291707839853854,0.13000919192579563,-0.04105724243048181,-0.5871528203155436,-0.8084342078607928,0.2427663739285476,-0.44542030228362917,0.7350238680378138,-0.5112148938834732,0.3105167460628969,0.38980265849920165,0.13799878667828047
-0.6018446069390962,-0.028334436304906833,-0.7981104114203798,-0.10572334615453538,0.4998751487194468,0.7660234884831585,-0.4041445914333176,-1.2146929034421015,0.6228225307349082,-0.6421878033810479,-0.446863424770465,-1.1175555416986165,0.18717956311916484,0.03254508947897085
-0.4182901888800366,0.32517861779387075,0.8481109505344044,1.8732682295372463,-0.4378475398071361,0.7458905219335553,-0.5019331242053335,0.1498846992442362,-0.7958158391057202,-0.5812969945039765,-0.16962002950448457,0.31959213858839103,0.4174043012512163,0.06464722163707393
-0.7882632412369056,-0.3119742699299514,-0.5303895902224722,-1.5673251030393218,0.44633020865916745,0.30347570437127963,-0.8418383702912452,-1.12877619632962,0.42359226545459044,-0.9003191388380176,-0.09997520137023115,-0.07533071475078197,0.07315684824543264,0.030486763607010376
-0.874533651976678,-0.13016538206540618,-0.4671700599054928,-0.08973787948471129,-0.4789974102698386,0.38249111302993954,0.7901025436029846,-0.13597034113783513,0.07584439672858372,0.9147445117435168,-0.3968502308428109,-0.6086397616647652,0.0015774893915877844,0.0005974776219062145
-0.16621572944973836,0.9432220218192768,-0.2875839857131253,-0.3472526313235963,-0.9555930654257909,-0.22604191178841282,-0.18906863152088352,-1.2054313237930923,-0.243339730816058,0.2433870819706648,0.9389081444615193,1.859484055320948,0.033700705984860045,0.010624211035398961
0.11115414987520723,0.790607065807981,0.6021504981813223,-0.3475741499165502,0.7642308360641351,-0.4553271380744335,0.45675860861253487,0.004873701789501694,0.6352920463646881,0.4094113638230385,-0.6548177998484208,0.26807765272149464,0.21364186984163666,0.07645443342069742
-0.6098637183806487,-0.6784764627071658,0.40955577709916463,1.3563510004276946,0.014928062770608257,0.506859021220144,0.8618996957591262,1.18404521698662,-0.7923656971025724,0.5317552276754121,-0.29898658815242035,-0.3239398865666623,0.0003229802574181859,9.32953126244485e-05
-0.5152971371961983,0.37425314868905496,-0.7709756423478827,-1.7370798116040014,0.08003772801421369,-0.874661833999119,-0.47808015880145066,-0.21646582823214122,-0.8532659740618542,-0.30806047594851504,0.4207563673512848,0.3785473038791826,0.002491451154479515,0.0007933041304355285
-0.7750942902654088,0.23373853242534454,0.5870222650441875,-0.42071352522321137,-0.34227481669574744,-0.9362613747297373,-0.0791365152447021,-0.11098336175216984,0.5311090199326827,-0.2622611992819919,0.8056936590896795,1.344484824360727,0.043790667166781407,0.011551247861014961
-0.21683026721479418,-0.8476561444730478,-0.4842145144010539,-0.9316846710335234,0.5669824980693285,0.2944280102960937,-0.7693133260487222,-1.6645954014268054,0.7946794838817881,-0.44135156903558287,0.41676529414912206,0.7113723704784322,0.011266502347030716,0.002904405118001334
-0.5236648933960879,-0.5463674663478263,0.6536495017523697,1.8090745483884567,-0.8056862196373646,0.06828029892287855,-0.588394014471132,-0.1900018041965666,0.27684796353037616,-0.8347576848976351,-0.4759567339511272,-0.8662987382430207,0.0530982489072431,0.008984859601924312
0.5027322287141426,-0.25095017878812836,-0.8272147931331484,-0.24409118561843135,-0.8216909333459097,-0.43593923817529584,-0.3671253065048368,0.501471383783747,-0.26848522542076436,0.8642806190036596,-0.42536419142355214,-0.9367103188731765,0.16027894034868195,0.04831778144091373
0.17386041381642353,-0.4591351425408847,0.8711873951059804,-0.23077631493858608,0.9521550686997967,-0.14741666023895178,-0.26771076450766607,-0.17261558735929472,0.25134295625075226,0.8760497983379455,0.41153793163592783,1.2518556719780967,0.453923564237282,0.09983199580956587
0.16340174938471436,0.9566449929315864,0.24110210657922446,-0.7247387088161524,-0.44271627360773763,0.2895010516838838,-0.8486409382988804,-1.2683287390222255,-0.8816474178382727,0.031929587733792675,0.47082728473003355,0.46410121242540303,0.05612380712214221,0.03180757534038068
-0.014611596530166967,0.8755800977037673,-0.48285193771165597,-1.013315965520426,0.6421365874574555,0.37837837751470366,0.6667011373005404,1.6516701088114671,0.7664509797079871,-0.30031532750494366,-0.5677707281731467,-0.9202905407458999,0.2575875021793862,0.05331137477059608
0.30622519075488014,0.14068796684653595,-0.9415057241099096,-1.8786556389537203,0.5996247471612395,-0.7966659729868723,0.07598348555245285,-0.27389270517725806,-0.7393756116744432,-0.5878181891277849,-0.32831917609481015,-0.19821970398798436,0.0033158453707685547,0.0008222712423361224
-0.3762704862603139,-0.5875225308955314,-0.7164061675191918,-1.13658517428776,-0.9173549912743346,0.34467476337771374,0.19914599537671493,1.2724111421615674,0.12992436705057486,0.7321315340706386,-0.668657667020936,-0.9022879435324199,0.3546235823771485,0.07634465242807136
0.11575822513453117,0.9469754444183734,-0.29972911267063657,-0.25253831124854,-0.8445977156511288,-0.06496528017793303,-0.5314453980309715,-1.5812178627407163,-0.5227377277666099,0.3146696999077391,0.7922930316047057,1.5624087953537973,0.1993763096170219,0.03717536679551571
0.7743756361711217,-0.1289275742900216,-0.6194514143112932,0.3861356778349865,-0.37785407633034346,-0.8795059728377249,-0.2893018160041688,-0.02913146028999275,-0.5075122373944428,0.4580905197998075,-0.7297838067293825,-0.3075121264840126,0.1092535004107202,0.040586812454410565
0.5315058168230027,0.8470381546651417,-0.005284999979596951,-1.0700683006882514,-0.8429311292533318,0.5282932296537577,-0.10184976601693806,-0.9410253487286999,-0.08347860815212234,0.05858863408096984,0.9947857527817288,0.7792275204577526,0.8537315311408956,0.14084652115469182
-0.930892865313281,0.36521914161829144,-0.00731108093431816,0.14733572192974564,0.35662567697337816,0.9042913920664265,-0.23468107030147184,-1.3369287437362114,-0.07909867149396062,-0.22107025315533296,-0.9720449286621107,-1.264182720191067,0.2314531849497215,0.053927297171392344
-0.7715793697445117,-0.044803869633349584,0.6345532991408521,1.0381540067199624,0.132750925237625,0.9642137211027765,0.22949747686127484,1.518634571887541,-0.6221273728371195,0.26131305612811373,-0.7380196600794378,-1.0911390680953825,0.874505136093104,0.11757900703055682
-0.4478043278551579,0.8723220139661314,0.19627936189080852,-0.45474588776980396,0.25269678125662987,-0.08710021453611203,0.9636170864873153,1.7227102701229786,0.8576803721064913,0.4811110647011103,-0.18142911212215862,-0.15701098487670212,0.00017571858758636157,4.405074118892363e-05
-0.6110186898736856,0.6367026225027281,0.47038912734372745,1.0739757847647333,0.3250991798117731,-0.33996616512507316,0.882458797823368,1.7085792406577216,0.7217802185643198,0.6921219380053634,0.0007341804564613526,0.04361561743418533,0.04485289909110072,0.028702298440531973
0.028284398512820143,-0.3941925738929852,0.918592514387305,0.8812177905816905,-0.6516711654860856,0.6895551447336083,0.3159721418818744,1.3551086405162276,-0.7579740660964429,-0.6075573364375053,-0.2373802815445908,0.10297632811432239,0.08957998120074556,0.02262815985473673
0.592066044940368,-0.18733695659951805,-0.7838129005832326,-0.41882166748073846,-0.7262710383475302,0.29748790591587915,-0.6197026098794369,-1.5560579294005625,0.3492680593559492,0.9361654824473157,0.04007508188280869,0.0384447775370731,0.0020376651211390082,0.0042801953105408175
-0.8808854449894278,0.033239756751443104,0.47216093800406916,0.6736761700272234,0.045004452699594175,-0.9871301747183765,0.15345558770431725,-0.829362824805288,0.47118513563459063,0.15642613826203183,0.8680526661588224,0.20128880213262812,0.032367907469346334,0.01156224130404327
-0.41442763066279836,-0.9100772191794064,-0.0030321731312294873,-1.0055178853597744,-0.9073869523324387,0.41294172925980094,0.07828184318712736,0.08890607730316917,-0.06999041134375422,0.035193513132448555,-0.9969266567573205,-1.892029077837218,0.00013196981537594063,3.374467611644771e-05
0.8367384864455669,0.5228409007292963,0.16280693420539474,0.4553193968322061,0.5440782320240879,-0.7600833589029615,-0.35531980659165924,0.6009419045118265,-0.062028886321812644,0.3858894660953698,-0.9204573521996041,-0.9205916656709027,1.234899208117969e-09,3.582698219159761e-10
-0.10805587338478641,0.9449484302807402,0.30886306405430936,-0.6294671242961367,-0.12068797206024512,0.29591560107060944,-0.947559164613485,-0.4653371046009256,-0.986791944447783,-0.13966538996109687,0.08206849103022569,0.11857471541577763,0.1017470106392811,0.07225775890694058
-0.9514071641447477,0.15805052394310343,-0.2642809866323336,-1.2564816672337211,-0.21388091281028346,0.27827316651818346,0.9363861382631543,1.0913318000857624,0.22153862676627994,0.9474091390087251,-0.23094709388354953,-0.27143643258671946,0.003326920780720977,0.002176071464760947
-0.16077710501589426,0.7312372305879525,-0.6629048461919476,-0.43727521162762034,0.8682987381755766,0.42412275517553,0.257249275654994,1.2772158011578403,0.46926327768685433,-0.534239647671697,-0.703121593375009,-1.0113826224689375,0.013091231602256717,0.0034973608130646583
0.2738058253479707,-0.18147704118353317,0.9445085777952399,1.8564430743574047,0.612963136976403,-0.723832216467028,-0.3167698140803143,0.16716505393748327,0.7411521859332021,0.6656823611360749,-0.08695074099015121,0.18375864335650738,0.08080470576989848,0.02524693249912359
0.5933313686426145,-0.3765586070066039,-0.711450281097652,0.5048501151551921,0.46211767777878504,0.8830217937502258,-0.08197416450612016,0.04583891615687158,0.6590941805759059,-0.2801359085361596,0.6979389184445839,0.010580143675587683,0.4276377653131601,0.14590142330115666
-0.6012931078033984,0.006743594039811506,0.7990000766255013,-0.1267944529343863,-0.7596055090679569,0.3053952683132089,-0.5742239987021729,-0.9752729566634394,-0.24788317631848403,-0.9522017927053746,-0.17850959880894343,-0.0728310122505101,0.019866054715516456,0.00814527601717003
-0.0717403000111193,-0.5076743311443777,0.8585569887033845,-0.17811778923380228,0.5823427210162954,-0.7201509081280069,-0.3771732026559473,-0.5803299949394732,0.8097717484783301,0.47291589423439323,0.3473042935911279,-0.3614332661241102,0.2057517294301226,0.07156247368151676
0.7904258750193961,-0.10473131480453478,0.6035381411303975,-0.34983565292286933,0.570126883611166,-0.2345368819814554,-0.7873676317796134,-0.26921653123080413,0.22401400108841873,0.9664490688545001,-0.1256738820385033,0.6905575366605805,0.346723939308237,0.1013436417800125
-0.133469732902888,0.7763436930326338,-0.6160164776102044,-1.1975595370885719,-0.1594970205436857,0.5966487686855012,0.7864928145023083,-0.04571615254849615,0.9781342090104602,0.20322577866630734,0.0441899541632959,0.32925584369003935,0.05143831238892448,0.015456267879756654
-0.5235213888604128,0.7887608026173122,0.3221517525331156,-0.586641846941804,0.6418723578380756,0.6137667973707976,-0.4596631317482224,-0.005615255201657621,-0.5602903101509554,-0.03386317616065715,-0.8276038023421948,-1.1009509417598857,0.0359709421644415,0.012728815723392482
-0.35817872592057637,-0.0846331199961815,-0.9298092467262437,-2.117471748234167,0.28834891838847265,0.9371711168593083,-0.19638024083108416,-0.5577185129747515,0.888010642707682,-0.33844871505796653,-0.31127088799548985,-0.6378390058224145,0.483085436982253,0.08037185681390273
0.33216464541131746,0.9413593274284517,-0.05923904963979948,0.6519896138271446,0.9326352206798544,-0.3184050242630354,0.16973445634724474,-0.7830165514467997,0.14091910263059668,-0.11162820964034455,-0.9837077560567867,-1.5581692792163553,0.4623202613738985,0.08543251530708168
-0.5198046586883843,-0.7843409193585174,0.3385445894201943,-0.6421050522095206,0.7132652703624002,-0.6165679312906814,-0.33331162625804345,-0.562709827922528,0.4701656845205786,0.06821516197859005,0.8799380209853024,0.6185569844758507,0.026211308418350912,0.008529791801185188
-0.6582853278432127,-0.41879646940246795,0.6255157426974812,1.5189013612376512,-0.6171382845976334,-0.1755703762639917,-0.7670171971099545,-0.31387321854323114,0.4310461284250728,-0.8909458794980467,-0.14287993202408625,-0.07437831024325393,0.004521162908827353,0.0015749725740383579
0.24204358884047802,0.7230471118895692,-0.64700678133183,-0.2558655488941238,-0.8913335838289956,0.4291479631118808,0.14613852365301333,1.0665477766199083,0.38332667979124574,0.5413269804333389,0.7483486866529154,0.613410828990957,0.0009700714825296369,0.00037793191342767223
0.7574640206527428,-0.43732948241005554,-0.4847588897911354,0.30942186601817817,0.12596042115040604,0.8264376577143497,-0.5487574785050603,0.11661612762337858,0.6406108254784597,0.35460361211720925,0.6810829968170061,-0.0044140694940622005,0.13396712847965864,0.05013716953687241
-0.6201642558998233,0.08265586798254007,0.7801053154493125,0.05303235771968695,-0.07300620218509195,0.984036749030234,-0.16230148181861376,0.604746032030469,-0.7810674683705167,-0.15760610408883682,-0.6042300272306987,-0.3018818819836305,0.07385127635563549,0.03261137903593837
-0.6975595264486744,-0.4426936297881616,-0.5634119782234691,-1.4035488271985217,0.39656683172171037,-0.8934259576928921,0.2110090189985801,0.7533836775669098,-0.5967792347584704,-0.07623915178909353,0.7987753981536824,0.9159283890097486,3.111253148556018e-05,7.58733866728731e-06
-0.13845582472711382,0.13715414575001475,-0.9808255323464609,-2.3262802561047664,0.3349752966713418,-0.9255090105173226,-0.17670490109556375,0.2561370279201852,-0.9319986776917022,-0.35301814649509183,0.08219886268123536,0.03369785183223509,0.3178221885026905,0.03565814046626006
-0.7209183738845586,-0.468113264639028,-0.5110251164714266,0.4037548860685134,0.6548569567521324,-0.21881991002597043,-0.7233810981561256,-0.3192376395765973,0.2268018174287405,-0.8561470775779227,0.46429852160630747,-0.06409390029774431,0.005852460612070761,0.001937903666086077
0.4684130602846194,-0.770017698566005,0.4331996639540601,1.3676954449770609,-0.5574703709069495,0.12280035720020359,0.8210644663072264,0.39878008773502144,-0.6854312441927823,-0.6260932966951614,-0.37174076090431474,-1.2404254103485162,0.20213036166688164,0.03161413536160177
0.5743549489319835,0.18839464392571664,0.7966328205499954,-0.19761984838962265,0.07050665761838576,0.9581561236508326,-0.2774268443065562,-0.593319609792863,-0.8155643468597819,0.21550939852014095,0.5370386348119328,-0.19173882103250173,0.15393435662845417,0.05871956661740007
0.11300662043106546,0.9920204879780155,-0.055900404029030897,0.5861076340464239,-0.60778117605604,0.11352397655251086,0.7859480573038156,2.0041531894134934,0.786022611488172,-0.05484212048749333,0.6157603397830599,0.4268498931519754,0.7120164074757527,0.0911786474536035
0.507079974637013,-0.5471629397865719,0.6659449051132099,1.5032572366905632,-0.8299424906465676,-0.10153428170128766,0.5485309944376665,1.2865154587522651,-0.23251959388726332,-0.8308450559301173,-0.5055997740258419,-0.9795330912036911,0.25982081052939976,0.05306466191504175
0.4762917613177748,-0.7282853510432448,-0.49269321647109116,-0.037668598113145546,0.009517438740732161,0.5645696864252999,-0.8253305322896124,-1.721997287956778,0.8792357911622048,0.38840895538781817,0.2758313015484566,0.49860230489900637,0.02037810324901661,0.006160858752738135
0.6739785187296083,-0.6758182544434621,0.2983666255666585,1.213146902563095,-0.5314481492437632,-0.7240867511960508,-0.4396148785104152,-0.02118478670565882,0.5131430803941739,0.13772459367643886,-0.8471812765519777,-0.653666326560881,0.0035800812634578017,0.0010133140416497652
-0.5924932792438009,-0.6752562715053276,-0.43929566563267003,-0.36175981221382814,0.5429481034626475,-0.737582910921039,0.4014708039989468,-0.7170232324853103,-0.5951126540389151,-0.0006459953326383985,0.8036420295708709,0.9618227723771124,0.2464450868179634,0.09318918613858707
0.21239964633009634,0.7472712570848719,-0.6296602723482285,0.2307964967025412,0.6260071829753184,-0.5988310137005,-0.4995161898214492,0.01265008608256235,-0.7503341902793422,-0.28807479126995333,-0.5949886700876047,-0.187205837063616,0.01737182256435378,0.006670318336623274
0.5307246057977458,-0.4985032677044844,0.6854384617810549,-0.25452009594118563,0.8387756738440941,0.1928960317101427,-0.5091625378185886,-0.1509475625075541,0.12160082963620468,0.8451541948298139,0.5205070846716267,0.521975176281562,0.011249357068435635,0.02741752923732363
0.1611807337926365,-0.37494665455300896,0.9129270383188208,0.7835894217335139,-0.6197629678457239,0.6814299934046488,0.38929041572533,-0.6028911937583743,-0.7680590047262823,-0.6285444855601285,-0.12254466504432551,-0.3734325495291807,0.008357076183658623,0.00212869953063658
-0.6811893787504278,-0.04413328896867087,-0.7307758090429743,-1.4049283373867416,0.728444354014846,0.058866997988275584,-0.6825712414479107,0.057584447302012065,0.07314269192133831,-0.9972897920627967,-0.007950928615202158,-0.006079036416204511,0.00010893948086552185,0.0003675554469395799
-0.7032982114369599,0.7107810004896729,-0.01272773084540028,0.9403592641147221,-0.20665987492494883,-0.22154930766486253,-0.9529992656708737,-0.5073884193186542,-0.6801935914764105,-0.6676123677824728,0.3027051444860203,0.20072743158445355,0.014358737886931417,0.009044006492605339
0.8049271713858437,0.16349563991375837,-0.570404614720091,-1.1173658386002836,0.27209301533055874,0.752567051040007,0.5996734317086858,1.5837168035986504,0.5273117102560014,-0.6378965507181695,0.5612756460142848,0.7466173985650886,0.2648271687190945,0.06246268285111847
0.3641576777948677,0.7985498305790866,0.4792779504475053,0.2223754843991848,0.003526022151748033,-0.51579107277643,0.8567071474033148,2.0255779061720034,0.931330635634217,-0.3102865406785344,-0.19064498368148483,-0.42242986975048724,0.13232760054087628,0.031002778422033937
-0.8950674010229785,0.4431112573863874,-0.05006756638209226,-0.9480628568582627,-0.33834850445889797,-0.7479704992436176,-0.571017006569577,-1.0114474801057922,-0.29047312639278283,-0.49415842180287484,0.8194100420454307,0.7781933595890977,0.0002810792847781126,7.702820320471818e-05
0.5109165646523267,-0.545071945676769,-0.6647261375935253,-1.2631641212264344,-0.7950093465509386,-0.005464981225270968,-0.6065725619221967,0.28764336855862693,0.3269929706591788,0.8383714618332072,-0.43612944078924176,-0.7624486159120627,0.0979174301925862,0.02429757385196304
0.4902822543164983,0.2027568732664738,0.8476514386500712,-0.15069507508279545,0.5906036726088753,-0.7925096676217621,-0.15203857611459115,-0.7074240314777905,0.6409450935947952,0.5751678685994611,-0.5083023804070882,-0.1559749194945534,0.11589107223363034,0.052083440105696786
0.9743412942211148,0.22126390453985398,-0.04124714442602578,0.28591987918015427,-0.1635212568100869,0.5699611297819012,-0.8052360580034829,0.1622965657354215,-0.15466040523279598,0.791319527804993,0.5915180166044904,0.5779082349733471,0.03944771470718131,0.04221982468120165
0.13970561617154903,-0.9744326442869807,-0.17596409451365472,0.9674118386554633,0.6103531936494078,-0.05518888576231175,0.7902045089027797,0.2817143175433049,-0.7797123314480133,-0.21779625487183454,0.587037879145551,1.0831954117913853,0.6343453320134088,0.1244198030940653
0.29137769609542985,0.9459453056751734,-0.14243074418545293,-0.442222924201714,0.9564894115949302,-0.29043937991890767,0.027802375781658128,0.9990015357755467,-0.015067970165334883,-0.14433449090021086,-0.9894142262023897,-1.881741439351989,0.01269972072189469,0.003059938882167956
0.9931784180487668,-0.10554747364722872,-0.04956168609759392,-0.9328025678610862,0.09627695004021168,0.5024893785636333,0.8592061297044431,0.1955026178109427,-0.06578281548477116,-0.8581166326539891,0.509223394935342,1.034496246450654,0.24360816053449855,0.061313179825773084
0.5200262769572264,-0.1771679878210579,-0.8355741591058473,-1.681358894216697,0.2911578177537575,-0.8828953330282838,0.3684059663981377,1.3829024684120288,-0.8029942692416154,-0.434864731851542,-0.4075449282678053,-0.5786791414322762,0.7236014196094339,0.10951793444123255
-0.31978255953073964,0.93075372583687,-0.17730374068460533,0.01957744063636324,0.5812830221648401,0.340495898188149,0.7390349054408429,1.7322331794522108,0.7482306881990868,0.13326681941815235,-0.6499159884779653,-0.8071333045733353,0.03370939118022572,0.009633667710771041
0.2636345388899183,0.4383811110437653,0.8592548116736582,0.5504628724472629,-0.9490926739682779,0.27707765486437114,0.14983680921123607,1.154818521807937,-0.17239468125218976,-0.8550146049366024,0.48911154067458024,0.1609169789393295,0.04667060760903524,0.01791829608292424
0.9159776419702014,-0.3543136754089791,-0.18827314951657484,-1.1621083752994248,0.05815163948440396,-0.34705334492795453,0.9360407910981199,1.3008157723020628,-0.3969928793265515,-0.8683408289332587,-0.2972891834082016,-0.9530592836734573,0.20403012178865232,0.036200448116457014
0.654500114803739,-0.5925378118089323,0.4696046649029104,0.48925103895493754,-0.17365127900736918,0.4867027751363259,0.8561341261588068,1.905817448245355,-0.7358497353543025,-0.6418873345465552,0.21565207332117478,-0.39675306393360066,0.21272208851226718,0.04431087699050982
0.5225044897599181,-0.2463863882419657,-0.8162614813096394,-0.6222558556515252,0.3222237558872634,0.9434030205909689,-0.07850217756050559,1.0382422022506566,0.789405415057835,-0.2220011000623988,0.5723238613306735,0.7329598279919202,0.23769567482547516,0.07869176883853897
0.21363476878870774,0.0262394248379873,0.9765611492112345,0.36500254789332054,-0.4181597496900678,-0.9009767724871003,0.115686123532027,-0.7889543013038135,0.8828944496958485,-0.4330731439640413,-0.18150769315201373,-0.05651576494286496,0.060280934116263576,0.04360563987114717
0.4467714586007253,0.8732203779299602,-0.19463153739216588,-0.6757501092962646,-0.7186758904549949,0.22073199813592256,-0.6593802768339704,-1.5393107697008617,-0.5328228863876819,0.43446928149960234,0.7261791894392998,0.7010012629149468,0.005746166597793675,0.004096338646285209
0.2612970494254199,-0.7977859189647144,-0.5433796826006617,-1.8015022895969333,-0.409314855231787,-0.6013963884603911,0.6861368181590168,0.7961637517105857,-0.8741768706893078,0.04312785003248719,-0.48368872976680405,-0.6182741094918837,0.20431304283267926,0.03427265252912211
-0.4802174724739128,-0.38016619478591257,0.790483929926957,1.679813458860306,0.5425769831178817,0.5793542757566855,0.6082424192319573,0.08799141874371241,-0.6892034507469218,0.7209870231179241,-0.07194661892048435,-0.06737011289212876,0.010335459971690789,0.008016460479795593
-0.29545738400087596,0.12565790143046257,-0.9470559783072229,-0.9025741127816428,0.18101998065776323,-0.965990894779249,-0.18464386750241313,0.898404946733038,-0.938049412793389,-0.22599044893905984,0.2626625518537049,0.7305058074298442,0.23588593971038713,0.0540726629246569
0.8571060245713177,0.5110735334097494,0.06459958275117149,0.606218389756414,0.47005505576929263,-0.8272229831309202,0.30781549786472534,1.201443446485872,0.21075461368444315,-0.23346515720350072,-0.9492505007544983,-1.7354607978301089,0.07774877328143823,0.014849407829539243
0.04443008127596805,-0.9780354351838371,-0.20364836214066007,-0.6704675417116069,0.9157180971569677,0.12135984075028848,-0.3830563347502386,-1.2701683429229838,0.39935740185582275,-0.16946526658235073,0.900996775246804,0.8679653039027263,0.005045170853792468,0.002622639336189147
-0.4851613202207502,-0.5526577284742151,-0.6776340668232225,0.18143653874236798,-0.5581892087457226,-0.4007737560079109,0.7265020328499678,1.2624973425396,-0.6730849133664214,0.7307187089797498,-0.11404765558960364,-0.2915412628581633,0.026782176030805967,0.008995423693613823
0.9054701298869465,-0.04995045329097633,-0.4214603137883115,-1.2025584540228318,0.19402548030195022,0.9319198356649219,0.30639767115280486,-0.4333256717980412,0.37746252380350764,-0.359207978906776,0.8535172353348207,0.07825552222307164,0.2935364129539618,0.06281943313806007
0.7431677409782553,0.07021699543319575,-0.6654106118192069,0.33237213434628854,-0.44297510874735296,0.7969613490648338,-0.4106405497841523,-0.47749517002087793,0.5014725932686129,0.5999351478694132,0.6233803466194276,0.07643392484050104,0.002688676962058027,0.0009109858925894984
0.9580180442956789,-0.09950727823988238,0.26888608811385695,0.14496565450273208,0.17257420106431345,0.949056413496572,-0.26364762302747513,0.943700687034807,-0.22895320904258176,0.2989819820295436,0.9263855582265893,1.2852747921509502,0.5304953633431693,0.10510662778567509
0.3889427101033767,0.6953004431367796,-0.6043846970524969,-1.136299644415018,0.916772712610576,-0.35680075515908194,0.17950212959894138,-0.7162903669093007,-0.09083700606078426,-0.6238994429326785,-0.7762075260123458,-0.29285161374197693,0.15530234219808609,0.034798762285872066
0.17309573550960367,-0.8473007451859714,0.5021148410032178,-0.3286428978243683,-0.8939588017628134,0.07880926952787373,0.44116522957649046,1.0844570005208976,-0.4133709316088685,-0.5252338015053679,-0.7438104104252883,-0.3994636860482326,0.012801047496333344,0.004616758461223054
0.5564287544643572,0.17877393676166436,0.8114350995242815,0.04821131574275361,0.20768410677187088,0.9156564797755296,-0.34415188919931217,-1.0958192158141897,-0.8045211948728351,0.3600181809017733,0.47236908918827847,1.0382249124775609,0.26124177186037484,0.052089872886898245
0.45936227251318956,0.8852567434615825,-0.07284779164334708,0.10403994986692679,-0.8565668154155234,0.4197769265121809,-0.3001343410822822,0.7744745121740432,-0.23511612730824494,0.20026939387680123,0.9511112324832421,1.3700254862955044,0.21491560090978068,0.057388316949974164
0.43730901263728983,-0.7797008637873831,0.44813769142464177,1.3523609563569032,-0.7058909772660481,0.011149531674390332,0.7082327415178045,-0.05050706267468086,-0.5572062057089657,-0.6260529138600431,-0.5455080140261619,-0.5887351380109702,0.2720171085899897,0.09589345482836692
