0.2504500566672128,-0.7694448270769612,0.587562275167403,1.3867724759234403,-0.6639823737767435,-0.5781934890587845,-0.47415155438301565,-1.1430874368136044,0.7045581426888704,-0.2713797105432431,-0.6557063948721826,-2.305407897358652,0.1005956667808804,0.01338973499565007
0.19786382529494487,0.1591507348265853,0.967223319737386,1.819869122985481,0.9375145070353268,-0.31883436861873177,-0.13932406283841586,0.8780365219740016,0.2862105094820239,0.9343530858255098,-0.2122919105156569,1.2468543152070137,0.5633082281394106,0.02621041786138671
-0.17222803733212552,0.6780716786833253,-0.7145322258123152,-1.084783227640498,0.9237223821765677,-0.14078643709431274,-0.3562529154916997,-0.7031612098633194,-0.34216145870447034,-0.7213861501982599,-0.602102614576089,-2.11379150109242,0.3383643738486913,0.029006189150851416
0.5807429596000095,-0.7195714746568486,0.38072891633705774,0.4905999228449093,-0.7690504863759091,-0.3315245039458464,0.5464914022090727,0.6451425771707822,-0.26701865904838834,-0.6101707926012431,-0.7459173141685151,-0.7371405080472911,0.00820182192378647,0.010675629910057173
0.25739141267571836,-0.956504245021445,0.13729271625528186,0.14667431140168277,-0.15799636803122755,0.09850981046910652,0.9825135952903051,0.9892373813555573,-0.9533031041435557,-0.2745823127903471,-0.12576861744077908,-0.1245610826841698,0.00018198441601019642,0.002164933663379043
-0.4342769121134564,-0.7847430304602878,0.44224646945928814,-0.20223125434063793,-0.19596141312393306,-0.39689596509288905,-0.8967010189909764,0.8426737529882918,0.8792057143647739,-0.4760797927207034,0.018583400962674395,0.7574085411187985,0.12219157887695457,0.017130561908670752
-0.6016917345631677,-0.7025021227635061,0.3800760766887788,0.046794409424967764,0.7634036951870327,-0.6457478820253771,0.01498235744212546,0.46603076308444286,0.23490818362319887,0.2991662420336016,0.924833879620736,-0.9924338538219943,0.0229599902846911,0.009048722017569477
-0.25764512957669156,0.8117650932784606,-0.5240767315384476,-0.37706861092842475,-0.9297568172250619,-0.3559166788290246,-0.09421028900730251,-0.07261105803902346,-0.2630042737845383,0.4629910917781562,0.846444328296397,0.9225880524380986,0.004639250977162781,0.007168297344233284
-0.2658960400948823,0.586832846026585,-0.7648048814476794,-0.9787946301868713,-0.9411058642950112,-0.32990202695073156,0.0740567674378173,0.4769377083221915,-0.2088517370083401,0.7394537601758051,0.6399914753420253,-1.2381789342346605,0.11796300399898928,0.011920101964864451
-0.051043265533419084,0.8161590906909201,-0.5755683484402657,-0.3503743465209557,-0.6956244272884331,0.38446891534888084,0.6068692686980406,-0.4724960112648786,0.7165900091428322,0.4313559919753351,0.5481156511026211,-1.1113302890023762,0.1312902132511084,0.023365242643887625
-0.48400693955406293,-0.10410640923980875,0.8688493183623404,1.0696419377978765,0.554695653643417,-0.8044300336012677,0.212614799271748,0.1772643681158428,0.6767939230612314,0.5848539788660557,0.4470970913704663,0.4878561372387306,0.04153641673424582,0.027047869340411795
0.6539343503497458,-0.7402800304395378,-0.15606198116483413,-0.15785068605156902,0.5533632377351899,0.6086858423204444,-0.5685865567192727,-0.5602262314970414,0.5159059919751695,0.28545931740107544,0.8076843353396351,0.8155237891732963,0.00011087452657478583,0.001792251474905193
-0.013036521180481103,-0.8686255771718484,-0.495297542693666,-0.5414896681057548,-0.9816105740430394,-0.08322733068127015,0.17179607782066814,0.24946144003150061,-0.19044875962422395,0.4884289284128691,-0.8515670565769032,-0.7864777476535488,0.00837474224350132,0.014044291081643597
-0.4344838144258322,0.7508477959963914,-0.49744487357830935,-0.4249150627984989,0.2872310612900984,-0.40795299931906925,-0.8666444875361173,-0.9648057194501044,-0.8536522315510823,-0.5194246216670295,-0.03841783406076668,-0.04477291715550877,0.005065534358918916,0.005662688069314953
-0.03647439299924833,0.9891932960508225,0.14200789310262282,0.07753245490433718,-0.9967508767340695,-0.025799106611475532,-0.07630265937641473,0.1865594824322817,-0.07181440235217329,-0.14432958513818048,0.9869202918516982,0.9638660198234753,0.019885216053580172,0.021373698201562003
0.7366825635401776,0.6478609629191546,0.19384265088297192,0.18491768391908198,0.6431144283002795,-0.7598117485278981,0.09534117112235792,0.021593011193956985,0.20905174643584454,0.05442682724947179,-0.9763887994992976,-0.9767389214327734,0.000985220209695773,0.0036647394647197776
-0.2890187774300222,-0.8170541746071903,0.49888938859211923,0.43343063841354984,0.48053694955780435,-0.5745391245406706,-0.6625624759082878,-0.7216789627692356,0.8279809094432888,0.04824178820279326,0.5586773160496687,0.5831500612903577,0.010258009667815041,0.01687474773706176
0.11985607520371723,-0.4541157827233419,-0.8828439143576442,-0.8827788625786217,0.21382534975509518,0.8801920108630116,-0.4237224844341388,-0.44144733263431474,0.9694912279329153,-0.13798869480683645,0.2025978259178355,0.210677447558037,0.0004492853454412278,0.0031137587364938654
0.5269380498471041,-0.49080177210736714,-0.6938659179694582,-2.1839936449113093,0.02648997277514318,0.825493049281793,-0.5637903040402694,-1.6251890822808355,0.8494907727372341,0.27870207405707476,0.44798502313200356,0.3086896059386877,0.6801234176792329,0.03158289056598592
-0.04641101848390832,0.7004178543231477,-0.7122224699548899,-0.7644047917693886,-0.6047449074005645,0.5477851353532336,0.57811334741478,0.5318068765867897,0.7950657924576864,0.45754374089413263,0.39815086441226494,0.4114626559367679,0.004371214516268678,0.010460517559825822
0.16012333559254394,0.3421698549591485,0.9258943286120468,2.749865866113613,-0.9319486703632921,-0.25673224256141736,0.2560473226524298,1.0044327057823497,0.32531860261412904,-0.9038851398195573,0.2777759183344907,0.4679699975070752,0.14546661546992326,0.01957252221573804
-0.4008810942003536,0.6582188294789327,-0.6372145014295506,-0.8935438323421933,0.5317918477715906,0.7335617735084544,0.4231838313201585,0.5014285473381338,0.7459837658799315,-0.16921907979455053,-0.6441064539942765,-2.6185137047033544,0.0652535552677251,0.015303856999243352
0.8782774007060895,0.4778650209295321,0.01654778477540223,0.041241432973389704,-0.47349100723684606,0.8740161661702375,-0.10909632138123135,-0.1303294572333706,-0.06659634730818452,0.08798160628846038,0.9938934366822784,0.9740325937759822,0.0020462976123909685,0.008391474114508862
0.9461166378991223,0.22208504251475625,-0.23567252996834434,-0.6136785355711261,-0.12971029452147073,-0.4069351622320053,-0.9042007593639617,-2.7643405751426995,-0.29671290330151584,0.886048535708079,-0.3562014112604763,-0.7954278440259367,0.33859317675499806,0.030646253139670863
0.9490855419144465,0.28713999661030903,-0.12956564542961618,1.170275843214548,0.26022973460853405,-0.9464225178615119,-0.19121951498277603,-0.8689594602133887,-0.1775306152598285,0.14776684347751318,-0.9729582933580243,-2.329274539053327,0.1704874596230841,0.009206063322646741
0.844569856179834,0.44811881030359746,-0.29307215815300997,-0.8857068436637037,0.41218172474319936,-0.1947446601829762,0.8900453601462899,-0.1031845600801704,0.3417718300563929,-0.8725044694339997,-0.34918185376333427,-1.9448325060549185,0.624409986414964,0.031222045869221896
-0.7420470756118174,-0.5245753371837479,-0.41735698531893206,0.27531403867022897,-0.6620335707688734,0.47572753856505984,0.5791328519656305,2.2530869095549084,-0.10525059976534672,0.7060481744678524,-0.7002987123932527,-1.541415628721401,0.2066423066873769,0.009300709168963492
0.7760655893185274,-0.6007805036003439,-0.19179412808895807,0.14750105241369504,0.6292991003073407,0.7178087475984078,0.2978812585974098,-0.3521605525791052,-0.04128974967299248,-0.3518712667509557,0.93513729912084,-0.9252552837002292,0.0010727366250047627,0.0005931534924120137
0.6911356750857212,0.4460211006850927,0.5686797485118164,1.9705988774793384,0.7201728731754916,-0.4910882830361522,-0.490085024262894,0.13397196660010213,0.06068369934308235,0.7482629724958083,-0.6606209296001572,0.6206918300628729,0.12357112296052418,0.005649359134837275
-0.9916066508725414,0.09490388329623796,-0.08780377486552544,-0.05398165574073455,-0.10379989187815783,-0.9892489669299793,0.10301487210132025,-0.10306989313797872,-0.07708328217859294,0.11126425465198901,0.990796867801525,1.0134445495962936,0.005519455621126358,0.032961856992539916
0.11343389194422882,0.6366701720867158,0.7627475625221339,0.7482628545765704,-0.49756415957820455,0.7008990578207878,-0.5110483517722828,-0.6129691070200589,-0.8599782899943579,-0.3215456464034363,0.39628996709149256,0.3614172417745316,0.00828012940481539,0.01641370663511883
0.4876496808757863,0.4154039966244492,0.7678784463247932,0.8800415713594254,0.017863528997255473,-0.8841096642669615,0.46693789295957205,-0.4890774966019051,0.8728566222888545,-0.21398509559825704,-0.438556376978259,1.3032907819442807,0.21523108263427734,0.019327072109439222
-0.8650065265347311,0.49246597892751365,-0.09612995709603404,-0.24002842210199937,0.48769321669471394,0.7801335236928566,-0.3918507516906531,-0.01163048656923027,-0.11797896186304725,-0.3858353856368449,-0.9149929069387286,1.0355722472194426,0.019087443052837917,0.010138966744961649
-0.4662578395489376,-0.8693625205638971,0.16374503014731484,0.036121792360647303,-0.3891975283666375,0.03536286021112957,-0.9204752859425334,-2.7881350195945127,0.7944362220924079,-0.49290797919741164,-0.35484195506037114,-0.7582708242604475,0.127816266906305,0.006922180871788415
-0.8441908168088742,0.39862022479044523,0.3583905428489716,0.0010911336893008605,0.04820859370135019,0.7223344044510477,-0.6898615365707009,-1.478567933864761,-0.5338705801117943,-0.5650972699760326,-0.6290049913607452,-2.1607136509688023,0.15642724152119294,0.022250944734237072
-0.33041350084057436,-0.7738357922042985,-0.5403749486845422,-0.5919537220219999,-0.37372829375505096,0.633002163394522,-0.6779641757385072,-0.6759942933683537,0.8666914565802608,-0.022055109190407242,-0.49835679111394177,-0.5308922856007676,0.005073053513710876,0.013823333719767577
-0.9409254544535103,-0.29460502710817965,0.1669346194294156,0.16984249446487656,0.16634226651903355,-0.8315591630183513,-0.5299430240785604,-0.5276816953530339,0.2949398913859667,-0.47086859780920565,0.8314404513050989,0.829468743918941,2.0581557189492487e-05,0.0009936965794005886
-0.8591380642610349,0.2590410160786299,-0.44133834925910637,-0.43535681378184227,-0.24183000976003163,0.5545378799246052,0.7962449284662271,0.8032697592720599,0.4509989278449173,0.7908131838289464,-0.4137807092713002,-0.41550673073640476,6.780498051400986e-05,0.00116223408848707
0.7284683911168756,-0.18268207874724018,0.6602734745907772,1.5361261145168676,-0.12099556938290892,0.9143323824999341,0.3864665140755404,0.03750934821129759,-0.6743099252816145,-0.361418804735699,0.6439585174917108,-1.119121265350654,0.06379588233189988,0.003920178531408814
0.735224947539591,0.5008940786012424,-0.4566720908240595,1.3407965575092304,-0.13983627324499528,0.7713267040904163,0.6208872137852142,0.3680386338187645,0.6632421075296386,-0.39263244590740054,0.6371417967928453,1.4295005071298585,0.7186957938194648,0.027536553788180308
-0.5608597861844166,-0.11599664829760577,0.8197445198504789,1.7259583281151305,0.8144509979374049,-0.25511693529745316,0.5211381019299974,1.2023330581553355,0.1486804365070807,0.9599271466669523,0.23755841574633235,1.859563755702276,0.36624321079835453,0.026198327296465745
0.6405843027012272,0.3327175038337499,-0.6920627238736536,-0.6760850378547935,-0.6054834132173564,0.7731534042294961,-0.1887422842052132,-0.28753994404793426,0.47227278923461435,0.539937844729354,0.6967248641878496,0.8151847941395687,0.03164091934839862,0.028767988285348274
-0.22345276937027936,0.5604788538880471,-0.797453643922387,-0.7902050349477301,-0.9057853140736256,0.1827935192733765,0.38228195630999534,0.38605187717451117,0.3600303107646579,0.8077437611371535,0.4668277965960349,0.4646129318638085,8.163604001171232e-05,0.0013963980610937395
0.5836761463700523,0.6397371726290234,-0.5000585026926634,-0.9321339634482604,0.20186134633180516,-0.7108335810221622,-0.6737711903519773,-2.5834237071533135,-0.786494852504272,0.29232168932159724,-0.544034812246837,-0.31222995292817135,0.6684863508530766,0.02758658303650397
0.12051771058295592,-0.2524869961626121,-0.9600655176625311,-1.03566679733107,-0.9233295191216094,0.32669532154621644,-0.2018236011929032,-0.19536347899446593,0.3646067478181124,0.9107801511059601,-0.1937561245403717,-0.2923285087285402,0.02091012284247919,0.02333723711165879
0.08700743173697106,0.6741650389850571,-0.7334379367286729,0.7104517460310112,-0.9893976798262717,-0.02745941167390795,-0.14261210279956285,0.38018320974284703,-0.1162838680855025,0.7380701056951157,0.6646281525050488,-0.6163385671842285,0.008234325042391839,0.0015621460173488352
-0.6720263606632436,-0.4375616433944003,0.5974281369367429,1.054967505392753,-0.5156720604339585,0.855521653153714,0.04652985141747197,-0.677932672821916,-0.531472385605792,-0.2768077116251062,-0.8005714172535519,-2.5996674257328083,0.10550714949283246,0.013493794771141472
0.8896079942660351,-0.00535928355894579,0.4566934361447478,0.5748679111814415,0.06549425605061876,-0.9880997825915403,-0.13917371183857477,-0.4599490099075514,0.4520045563513027,0.15372084348677467,-0.8786704634363082,-0.8233133528041909,0.03907689230776838,0.027619653282606016
-0.043457051856829305,0.9958697107941438,0.07971827749456936,0.605971169239313,-0.701876019898525,-0.08721767760747337,0.706939268540208,2.1758819415090427,0.710972247936105,-0.025230850868473646,0.7027672920883089,1.9005633126409576,0.08958401005587112,0.006686673981086364
0.29624231153390673,-0.6935158217844312,0.6567162993193584,1.7489105652280972,0.5039539681139411,-0.47058074371638897,-0.7242818247516246,-1.1254896797550136,0.8113389494405286,0.5455177069335105,0.21009412305617686,1.1824389696827216,0.33310413177844433,0.03070407431396507
-0.24889446454367825,0.8727583129550585,-0.41993389085349603,-0.2667588636552792,0.5667275555394491,0.48283934189193306,0.6675972196718958,1.1312963658418393,0.7854116266721523,-0.07182685493048685,-0.6147922247385684,-0.43491790560688415,0.030629426335409934,0.011755298657099659
0.8967272230578033,0.36999745732737793,-0.24286244872008464,-0.026780748424219153,0.21644877974297935,-0.8452637894301328,-0.48854790146513477,0.17134092731428713,-0.3860443150401463,0.38552692234069347,-0.8380565487935151,1.030586019543303,0.027170554290529253,0.022026780419640124
0.8564301316918175,-0.4704851358994471,-0.21253509457973052,-0.3299954083039812,0.48916782044226503,0.6079101027813044,0.6254279737749088,2.385217631766814,-0.1650523340462056,-0.6396006909268491,0.7507787178601942,1.5500523491196687,0.5182168486294134,0.02845748639712448
0.13975380336603632,-0.945601738347686,-0.293779214510764,-0.22676298643758558,-0.9482255230047651,-0.042351642223320204,-0.3147613316837494,-1.3992442381078742,0.2851968302191783,0.3225580425827607,-0.9025625059784563,-2.5786103050819955,0.0639120381305082,0.008915268037233599
0.18684146064520785,-0.8029886317861463,-0.5659501089373321,0.03403824463511851,0.10017659177050614,-0.5575187391293208,0.8240979953748812,-0.10867938533617061,-0.9772691129086248,-0.21067062619611907,-0.02372695119319886,-0.9900897188266257,0.0402290613794017,0.01056918892000344
0.8264582794183458,-0.5625987925503465,0.02119695737033499,0.17510567384132505,0.3488398502622615,0.4821677990141087,-0.8036323615079805,-0.8522823250243433,0.4419021059577228,0.6715629622118706,0.594748448115123,0.5529052993576707,0.02950968278752539,0.027755872709722285
0.8435279043386644,0.07132045510902112,-0.5323289089323096,-0.00973063539138963,0.04739298897257553,0.9773934779338094,0.20604828047983711,0.5553456893076922,0.5349902608443131,-0.1990361323365545,0.8210785826132838,2.7133800623449624,0.11267701347085338,0.012232090234223189
-0.9597246253353956,0.2632454062395434,0.0981351090008685,0.033341607453253735,0.06749831245825282,0.5551311185504043,-0.8290195528648676,-0.9274349146204344,-0.27271344180315477,-0.789006525518487,-0.5505416254463621,-0.6148275870115862,0.024170426971930694,0.023308387410361914
-0.5804604018461046,-0.0942281095533598,0.8088181410296499,0.8369363808479394,0.8138438044869096,-0.034311709988963345,0.580069796193446,0.551831896424623,-0.026906946815489306,0.9949591800308358,0.09660355213673633,0.095755637812871,0.0013821124600441185,0.004783180039405823
-0.06224664041170456,0.6039285524180014,0.7946040896772136,1.0136218193346243,-0.992647090988002,-0.12027223896471148,0.013650688168470992,0.7460764369754087,0.10381285330108914,-0.7879117286274603,0.6069744635326713,2.426148637855448,0.23333571578059017,0.018664654815204528
0.097980071656695,-0.6221254933968965,0.776762367795851,0.715081400587978,-0.8858152703736898,-0.4102549423664679,-0.21684600304518667,-0.487609827682864,0.4535760270681597,-0.6668213799283539,-0.5912850707903168,-0.5623948910343972,0.03582341956788786,0.020498389647394408
0.4586141720684292,-0.8861834802991618,0.06596878369997712,0.07131715636000964,0.8848779409620788,0.4622344721178977,0.057708945446959876,0.07531510946087361,-0.08163376003040014,0.0319081812511089,0.9961514930935683,0.9920273754713937,0.00013282876308702254,0.003273328896564175
-0.08402296000693034,0.06910605039999171,0.9940646337083859,1.831054786768672,-0.6612841800420272,0.7423920299917128,-0.10750491631049847,-0.557001313842345,-0.7454149015265373,-0.6663920974943336,-0.016679237970756017,-1.3956693943616547,0.21960574602095012,0.025154820585411405
0.1924548602315402,-0.6973812413942186,-0.6903770932792579,-0.9008903978091706,-0.09574872502102187,-0.7135171698944381,0.6940644277894384,1.25917451344022,-0.976623422015931,-0.06747334597669222,-0.20409321192191202,1.681544429039322,0.20052132378319765,0.01386719745390972
-0.07349686355362157,0.146492075179381,-0.9864777153881477,-0.9679883057253702,0.1415011019315963,0.9806776154568604,0.1350883144242693,0.12039661845041168,0.9872059811406757,-0.12965911634545718,-0.09280551895545246,-0.07326826211965791,0.0011423606577603946,0.0054610812781489375
-0.888568169713214,0.33415024074547234,0.3143091223338131,1.7209629801657964,-0.28273790208038047,-0.9384577566188036,0.19838426794780825,0.9386895486942768,0.3612559847250897,0.08741084401689186,0.9283606291999679,2.099152883859875,0.4070902469942907,0.02820374095090106
0.6505894645104853,0.15200407426932136,-0.7440618993561535,-0.8972612375862772,0.13879690903723524,0.9394622006299113,0.31328292585028295,0.18153360099163032,0.7466383105022603,-0.30709206273222217,0.5901065143660079,0.602318071022781,0.0184828972637982,0.018474865582247486
0.7154682824706249,-0.4025431199748038,-0.5710202915304191,-0.8242645697749309,0.6574733502025675,0.6643740179821651,0.3554376991874191,0.5022961659904344,0.23629204504584228,-0.6297350242690847,0.7399999112546359,0.5983726480534404,0.04346109906067028,0.027012628251989333
-0.3874809181576902,0.14768199862014403,-0.9099717387629317,-2.3480170844015937,0.898655375024406,-0.1596479529490954,-0.40857196190990375,-1.3472238444595281,-0.20561384925003895,-0.9760648330939515,-0.07085468646362804,0.9530803451715965,0.07194245808195593,0.004111562301194525
0.46596484975803115,-0.777544377260733,-0.4222576229983241,-0.7709224016041141,-0.7680898802212414,-0.592366037253242,0.24318802151958507,0.20640572493433812,-0.439220553585206,0.21101473716096242,-0.873245719147363,-0.7920467765142675,0.03714994156466576,0.02979381817385891
0.2607218557818429,0.8404959470090069,-0.4749638691301735,-1.289981449747241,-0.7484932744358561,0.48671023465269964,0.45041199540931903,1.7578187145970945,0.6097392328216731,0.23807501033444647,0.7560015591335055,2.0213989197695215,0.08175599080716602,0.007217934006805345
-0.49995473751366376,0.2036459556927785,0.8417681302874434,2.5325425293266903,0.8598562866912347,0.23276935866364565,0.4543848499948872,1.20836619707435,-0.10340419080097574,0.9509714771733638,-0.2914803988735871,-0.9807176098173921,0.10606958575606736,0.017251238664609477
-0.8952649889277939,-0.06277792592949265,-0.4410890291268965,-0.46935876226675494,0.19279128664290443,-0.9471205328291287,-0.2565038325016622,-0.24173347946057777,-0.4016616976943289,-0.3146770222139812,0.860026890449276,0.8529248980240495,0.00040414503640661054,0.003009982870254696
0.9708975494842467,0.0032664493916967894,-0.23947291853956262,-0.3425869126426675,-0.12580775943106695,0.8577916034729197,-0.4983632938713406,-1.2590986003340743,0.2037899803042813,0.5139872520984627,0.8332387104592848,2.6746732232973316,0.04032170571275645,0.007201458474814924
-0.6640650735939885,0.6473574905697225,0.3740933806362819,1.1628273226826606,-0.7075921068613077,-0.7057655005216681,-0.03476303469168371,0.07274198608855979,0.24151809112401185,-0.2877904405581792,0.9267392696886988,-0.8988286890287572,0.15503648721013674,0.021608761987121285
0.2902912854755682,0.9315892866983495,-0.21879755594110809,-0.28248941364045443,0.8738309689144186,-0.1648594358362078,0.45742846892367295,0.6415660349506096,0.3900646194453306,-0.32397957856109927,-0.8619088265775807,-0.7506204777381544,0.027180217478333782,0.025207359254946136
0.23070878322334984,-0.6800698085332703,0.6959012234973599,1.5469540803684567,-0.8046864387971233,-0.5354394244507951,-0.2564846154446786,-0.2648264320258262,0.5470403939012225,-0.500809023745901,-0.6707735304669326,-2.2745396954173116,0.05848639111456319,0.013914070124806577
-0.057533160725803605,0.2436709876155227,-0.9681499807423304,-1.1729616892871435,-0.6313009689439913,-0.7601345151470089,-0.15380053801141144,-0.22288282754372868,-0.7734009451941967,0.6023453898526141,0.19756267181840245,0.22201557085451903,0.009948458164654174,0.006184670210915419
-0.6548965783244217,-0.13929055718743436,0.742770901676539,2.0255426971375208,0.0475092546794061,0.9733345553907482,0.22441638532447195,-1.2572150204282098,-0.7542236686943549,0.18225801480513443,-0.6308158793344691,-0.39600611421783083,0.8392202450576621,0.026999503620032592
-0.20900676380003366,-0.3766128791662324,-0.9024848541288422,-1.1306873617443605,-0.854327532717436,-0.3787516913359404,0.35590957159242387,-0.22321684936599073,-0.47585779338661155,0.8454051665067379,-0.24258908655778302,1.6557499699427947,0.07557789457840731,0.006967699841600598
-0.80543945116109,0.09658846103545306,-0.5847546149523962,-0.22547650458422036,-0.5559742883948837,0.2186774932765461,0.8019181657613753,2.7651896692717983,0.2053287148869466,0.9710050582407329,-0.12243077927460126,-0.12597929818740228,0.2570600248514125,0.010782656570554704
-0.48749906747749816,0.8030601415101094,0.342693840514143,-0.5275830233404876,0.39071356517839095,-0.1503559058782347,0.9081497737450176,-0.470981651909273,0.7808249286454428,0.5766173000225525,-0.24046812703670428,-1.3962727811777742,0.12309692751528853,0.010113295519963171
0.8217037891181935,-0.05273500561707618,-0.5674697367537498,-0.05203444092398524,-0.3867232188403518,-0.7829841181853802,-0.4872176337933795,-1.8870932766519808,-0.4186263667741921,0.6198022990051176,-0.663774867850094,0.6668485072599316,0.13216579723747385,0.006501710871582283
0.3417159969844108,0.5320674080633672,-0.7746834519219321,-2.342139280291002,0.012907412134323702,-0.8268831403178146,-0.5622256406196215,-1.5111611464904144,-0.9397146248287002,0.18212233672693617,-0.2894268100024177,-1.071050909702542,0.043061036065756786,0.003775213798619177
0.7274634644474375,-0.31693088491454297,-0.6085652981245453,-0.13904926798923817,0.6671862615723942,0.5337904703484929,0.5195480979988164,0.27563483983482595,0.1601855182692393,-0.7839786654957006,0.5997649971317063,0.7572879575166743,0.031928627786495044,0.016681960952239786
0.6493478337155898,-0.7413538874967874,-0.169534080179389,0.04853281896549533,0.35430438372004924,0.09765536983706687,0.9300171140461567,0.20065596960368925,-0.6729158896367561,-0.6639712661218002,0.32607723508240577,-1.3167913706002743,0.14142061216801283,0.03202589053775657
-0.6472761471733265,-0.6614566520979219,-0.3788254039737347,-0.44165785736767327,-0.5421818621383854,0.7488446692305835,-0.381143660229435,-0.3623838115519315,0.5357913937985636,-0.04131293696104255,-0.8433390916891295,-0.7979649463172677,0.0061008126214593585,0.016497832367128488
0.10849047250653003,0.9897074715158442,0.09332169201758225,0.5036386834484483,-0.9931709241796564,0.10385849657164112,0.05315005224838371,0.12224992983847766,0.04291075319121505,-0.09845066538928536,0.9942163415197769,-0.9608508091252057,0.012444878620608984,0.004100827769048175
0.21874805172223724,0.42273566585919503,0.8794565632697889,0.8438176514053566,-0.08250542060529388,0.9060698199630582,-0.41500642997772313,-0.46918454802742215,-0.9722870694596676,0.0182219143531679,0.23307899175780913,0.2982441352609313,0.0034499741486807615,0.006912782993300849
-0.9963150146138864,0.07210254620946867,-0.04645012900996546,-0.374025933513319,-0.08140672606786212,-0.9654795511524524,0.24743116468499074,0.4020193473915233,-0.02700623272215274,0.25030073738718867,0.9677914053439338,1.0006861427705551,0.036560750890944335,0.015102345388951074
-0.7467208244887855,-0.5653136350059603,-0.350468977730036,-0.2775602808160778,0.651726277460756,-0.5165794157116472,-0.5553364444462102,-0.40282812346678853,0.13289420432033217,-0.6430911298870177,0.7541703581543794,0.8899646540561755,0.03300969329381314,0.027090722578578842
-0.5279046361263053,-0.6541486431018657,-0.5416698698324849,-0.5531439837617046,-0.6783006451500458,0.7085440546232069,-0.19461129835427682,-0.9375447282069962,0.5111016825890761,0.26467881552193356,-0.8177531379753438,-0.9815144016602475,0.12353771818141743,0.018620380057306065
0.36869336512934203,0.8580485170159586,-0.3575163562080984,0.3410342926078874,-0.9114153021493068,0.40929613468428966,0.04241251160433276,-1.2633533030087514,0.18272205536740616,0.31020866618973447,0.9329433176260477,2.245416201789026,0.5249914138607541,0.025392109731638312
-0.725608776551982,-0.6361898050262447,0.262210669827535,-1.1015079283062008,-0.35901176947306396,0.6750989968269642,0.6444780010698936,1.1376007149362213,-0.5870284940022549,0.373502177321492,-0.7182573847622796,0.6578061193645871,0.10451227111088428,0.006517885481842746
-0.09404076810287695,-0.4009074549296136,-0.9112790716989394,-0.6631797606719958,0.1750640845163317,0.8944138138530375,-0.4115537582155248,-0.16050149443886647,0.9800555597756075,-0.19823506796408108,-0.01392686548353793,1.9455369281580654,0.12206875536704263,0.015374668411633565
-0.9164326210280888,0.37732502136792634,-0.1333307142607489,-0.3033163563357405,0.29617021997549753,0.8635445332067386,0.40813483062392614,0.7628829256266504,0.2691364930945875,0.3345394855894436,-0.9031328145219271,1.0491915871562956,0.054449687499472266,0.008728691737324202
-0.9273573624640753,0.22325567403684873,-0.30027525088496065,-0.2849667240161815,-0.3641077167265928,-0.7233412729923457,0.5866881398204331,0.847285574530896,-0.08622002611818755,0.6534021019220593,0.7520849688034019,0.820743481874615,0.05124796420925177,0.026834290753032793
0.6155800696489614,0.1992037453150071,-0.7624821609083412,0.6971548184175673,-0.5549455439157773,-0.5773932087960402,-0.598876052054375,-1.6406478656127914,-0.5595503740853025,0.7917922393460839,-0.24488452089160703,-1.101898681301552,0.553173854441938,0.022510230805406803
0.26465124377802607,-0.8878952609972468,0.3763000460608194,2.07110160853587,-0.9626142214961672,-0.2665965734365569,0.04795964559099915,0.41880567296529486,0.057737160824477364,-0.37492435574461885,-0.9252557201819457,0.06966415168101936,0.038865485287716564,0.0014218377649205009
-0.10330601528835764,0.14430988699083563,-0.9841252581465094,-1.5401746914677419,0.11833211426808372,0.9841753179818802,0.1318956186084684,-1.7421777117464339,0.9875856306863151,-0.10282801170866628,-0.1187477244832741,0.25021334677781615,0.5666534186713461,0.0187596991324209
-0.6458099394756073,0.7105337989867575,0.27941231642853226,0.709034909018408,-0.12780640633180995,-0.4614059617394017,0.8779351120509339,2.723169350804395,0.7527250790129558,0.531268537529547,0.3887913276503935,0.8428427191727026,0.20761246074131634,0.01630001200258851
0.8406634289487818,0.08668970419810941,0.5345744984696901,1.259457613822557,-0.1290004635619142,0.9907462493318149,0.04219893168970313,0.1561603917108022,-0.5259694664416249,-0.10443545672320909,0.8440671512090298,0.6633489710404032,0.11542005125291245,0.018675939057977268
-0.999099636071389,-0.041404407790336044,-0.009251606214587935,-0.8253111897645676,0.040802611085974966,-0.8780222696773101,-0.4768773855817357,-0.2039582237011086,0.011621709451922221,-0.4768255120756819,0.8789211380454897,2.6833533344419256,0.04861806281952544,0.0038401704331585905
-0.3936985673839094,0.8608027007113067,-0.3225215473235513,-0.8448659812811476,0.8395893186966132,0.19386748830357164,-0.507449675248119,-2.0701683746968325,-0.37428760862525795,-0.4705678563469725,-0.7990461054298437,0.33423512831999536,0.06356428296538365,0.0023544550171763897
-0.7183325674830577,-0.3944574086750983,-0.5730634129261131,-1.9697255539847673,0.6747865447979023,-0.5954973334157737,-0.4359427082248435,-1.5545831859202315,-0.16929690325846664,-0.6998473252331748,0.693939680311671,1.5860714551387196,0.033745083248325265,0.0035738180420339994
0.5492631095981918,-0.8353287665855503,-0.023149258069920436,0.531517902326289,0.5761055783833336,0.3584558664133634,0.7345827076575171,0.3778071079911342,-0.605320079784348,-0.41681559897454384,0.6781241460539232,2.4215465523945694,0.2060329639530433,0.015760606043721242
0.3281701490311985,0.7721806671625999,-0.5440968393081904,-0.5999095822194904,0.40995203370836564,-0.635348939326994,-0.6544242166625855,-1.4723132988101888,-0.8510250779755061,-0.008291113096900376,-0.525059590999344,1.2986681552277184,0.05034310125139892,0.0030033494423511212
-0.3013770067076189,-0.9474810883235194,0.10701162131859862,1.835342979630479,0.9492187093063453,-0.3087563473124182,-0.06044303017792539,0.5366208577826149,0.09030914533286226,0.08336129355745801,0.9924188395056169,0.1862568823723455,0.1971700780705865,0.00871243480644145
-0.015267175504788065,-0.23815289707201925,-0.9711076721807476,-2.5660828753029663,0.24079434765368135,0.941761343450564,-0.23474167529483742,0.25337631786869785,0.9704560760230955,-0.23742108077926252,0.04296783577820649,1.1327767932204582,0.2557515826608442,0.01411057998707785
-0.8994618083667366,0.3527970416425281,-0.2578811794178089,-0.16076633517106212,0.032317644737566834,0.6422034454524805,0.7658526649999848,-0.008249432493115938,0.435802736485507,0.6805211106624414,-0.589039041842305,-1.0345451501296097,0.08721981200836987,0.030409478741131184
0.1324659176140723,-0.9867817731580012,-0.09335155506906523,-0.08216708523382413,-0.328073173594217,-0.13252291850813464,0.9353104665499606,0.9452896402718105,-0.9353185411604329,-0.09327061827412307,-0.3412913979699492,-0.3412064101639511,0.000270325346525726,0.0025322224009415584
-0.47752906454230554,-0.5344667375486394,-0.697360236155937,-2.3035675950588317,0.041124892304694946,0.7792367194470653,-0.6253789877332807,-0.9868753238769772,0.8776529700002602,-0.3273155076061771,-0.35012829467244266,-0.6307572515595131,0.5410815133141846,0.024888561651339198
0.681696374100841,0.6868427184311862,-0.2520657328472568,-0.1770655922856707,-0.21024918650138053,-0.14608682078292123,-0.9666715679945521,-0.9868856853297588,-0.7007748091314884,0.7119731181242711,0.044821266772916826,-0.04779138318659486,0.020575516765211688,0.024236980041376848
0.012818425965980582,0.23195039139959034,0.9726431534151317,2.6383793521055594,0.9960392753367371,0.0826306182156095,-0.03283204105708029,-0.028689980087488604,-0.0879855098435095,0.9692116367764488,-0.22997250530160038,0.20842416252416388,0.5653901309996995,0.027325016213956995
0.4913430520230733,-0.2853649402566337,-0.822890549284034,-1.6950011160439122,-0.801282936220581,-0.5184049745062617,-0.29866693578112424,0.013215311526236728,-0.34136148193722105,0.8061160792835544,-0.4833727395810964,-1.1061642253271917,0.042767188614053056,0.005503287294714645
0.6080065036176784,0.563513704709563,-0.5592677320953797,-0.558215251703138,-0.35818022114975306,-0.43397440045571545,-0.82666386695332,-0.82551232416313,-0.7085442969467188,0.7029356473772017,-0.06201979450686986,-0.06479567031825076,1.3340358943260251e-05,0.0007034935170805949
0.3402600570114426,-0.3623363653757916,-0.8677185326641531,1.0526230618023118,0.7753250652269543,-0.4140298086780099,0.4769175618037879,0.9750697352446838,-0.5320659139931717,-0.8350399247055865,0.14005065981386683,-0.11078569731815813,0.06596608579836115,0.0053264339560809325
0.3994021681781245,-0.5416644147765405,0.73964692240244,0.8037119006182468,-0.9166960783449202,-0.24660179560682763,0.31441350853697775,0.28081747012655245,0.012091650079984775,-0.8036088701403665,-0.5950349366466365,1.4033908696775819,0.0031561993715862415,0.0004847273970924804
0.8427335111101885,-0.4192427355117876,-0.3376918091581244,-0.03747134327540008,-0.17390663483888474,-0.8056784452699354,0.5662497021512987,0.1462146067547747,-0.5094670858955548,-0.41847075351571816,-0.7518813183216342,-0.9449238786746346,0.049142717230686646,0.02363683498347408
0.3805207397687822,-0.5513682697395373,-0.7424264258027508,-1.804730362997605,0.8510748456840559,0.5228543457952731,0.047905533363666916,-1.564023370568626,0.3617672921225455,-0.6500895047664017,0.6682125875370016,1.1839212249198514,0.19614932409839345,0.00712551882835664
-0.1811293893580051,0.07487391507764239,0.9806049363284596,2.197317220259732,0.6348036131928303,0.770461302582834,0.05842733863261401,-0.2934360117879513,-0.751143472971791,0.6330744648643701,-0.18708341708598253,1.3596248443848986,0.09726305277003716,0.005001497861340275
-0.8162539071903346,-0.5768631112982814,0.030959809750376786,-0.1724372936030875,0.0717899230113183,-0.04811336717627096,0.9962586566012818,1.0075724712623852,-0.573215287610634,0.8154226233814145,0.0806856822938875,-1.9069831298197917,0.021655060016328647,0.0035113512692903576
-0.5367478144966955,-0.7917872371982113,-0.2915042960970637,-0.40998649103699397,-0.7883593098304872,0.3475249695493334,0.5076573589965311,0.5985359956025458,-0.300651596098572,0.5022941036382554,-0.8107461077388053,-0.7183827004917426,0.013040852266924773,0.013086128333238634
-0.3106786524732534,0.5599464321405088,-0.768074715135525,-1.595022875232765,-0.7806296479797731,0.31072204227233,0.5422814445849018,2.0195896905944264,0.5423063042159652,0.7680571629632961,0.3405760808224705,0.8971670240050228,0.46041092928849797,0.024400573161731987
-0.0987766610909806,0.1586125354822036,0.9823875176383421,0.948422404134891,0.20724464646421162,0.9688474717431815,-0.13558846930609092,-0.13314116087889383,-0.973289693634758,0.19020157750332017,-0.12857111720603115,-0.1478802614254106,0.0020135924696295243,0.00750610913077312
0.921350398253125,0.388343129667023,-0.017408540410671147,0.02610406570966455,0.3234616626767566,-0.7907172201955142,-0.5197488147794729,-0.5403405249781646,-0.21560611405337352,0.47323978206264583,-0.8541417401439313,-0.9338088543615404,0.011757391571950075,0.017012868020144626
-0.18323243944725023,-0.7031819013596473,-0.6869942406850593,-0.6952522764571194,0.15131687763340648,-0.7106714831175523,0.6870584004484448,0.649878421132478,-0.9713542482933231,0.021937563304298288,0.23662135921928812,0.26166998180746354,0.0019963762451180402,0.008212448692111627
0.7697476485163697,-0.06244120879774694,-0.6352870634975936,-0.6117091779543907,0.6279191377712399,0.25322457610102245,0.7359312946730016,0.8440589674459051,0.11491785772516838,-0.9653902886927823,0.23412705198999179,0.31749875689451534,0.027402786413838903,0.0324053874520457
0.6630340093340105,-0.1525424590675139,-0.7328824603223243,0.8893865637243081,0.7452839147506587,0.04261247010075748,0.6653841475462462,-0.4075776061900699,-0.07026940216339114,-0.9873778281759967,0.14194095795805972,-0.2953052312968233,0.06127699549454978,0.013817371512032746
-0.6206387952152104,-0.3185864566752708,0.7164566668661181,0.6492076712322401,-0.3256766803065056,0.9359290348697791,0.13405797847296466,0.04768629205647726,-0.7132616530967764,-0.15013164659997394,-0.684630048209129,-0.6566756760480315,0.016586406742004404,0.021672356477997055
-0.735932894333735,0.11134508639788239,-0.6678360927447841,-0.846426461585164,0.5853781877793253,0.6002675844000063,-0.5449873433308104,0.631273961026939,0.34019869533812847,-0.7920107946572633,-0.5069356456559407,-2.108253753409767,0.22724174555970816,0.012525830779999147
-0.5569505820510537,-0.19772959626930545,-0.8066653927820195,-2.1746941436153344,0.2708801715887161,-0.9613839862682739,0.04862883493351585,0.45329728098018535,-0.7851305507958917,-0.19142580209078627,0.5890043976922744,1.9739111303020835,0.0757002453749066,0.010580455424422484
-0.6008755848429703,-0.449471080045642,-0.6610024808896126,-0.7021437608988066,0.4929829343735681,0.4425587485890675,-0.7490724801137102,-0.6281310649190027,0.6292188474259529,-0.7759623072352695,-0.04434117492887154,-0.1338746209389093,0.026457888383970236,0.028257292896563542
0.8126054222030656,-0.5469235615713133,-0.20136296979416937,-0.8515850372442811,-0.5444040985819257,-0.8356593847736177,0.07278440826838954,0.6967118479058452,-0.2080783632513923,0.05047782124783925,-0.9768087757123668,0.8085662771260705,0.015052761816420582,0.001765988847928462
-0.9265743174492074,0.01075513842956738,0.3759579248278942,0.3747293876888164,-0.2528839851694884,-0.7577328983236857,-0.6015733910694399,-0.6090889225012764,0.27840568293110257,-0.6524761925122999,0.7048156453401971,0.7058963263438208,6.219339650036091e-05,0.0012172253193930681
0.7496242994849729,-0.6436355986056639,-0.15426155006738654,1.6847972957623896,-0.6495656164561244,-0.6707134731484877,-0.35806137302851887,-1.141121375692523,0.12699574614781042,0.3686145047941301,-0.9208666718454628,-0.9822646525424277,0.08522037539260696,0.0028647560951152356
0.1350306388431139,-0.9850121371246513,0.1073210896830033,0.7536966312495363,-0.11460629738456743,0.09205959013342803,0.9891362031915852,2.263708298897912,-0.9841911009419971,-0.14586336613965795,-0.10045772864736416,-0.9672185073112217,0.2529905943581018,0.01492648101816297
-0.20925410393665497,0.5662623052881514,0.7972199957323048,2.218164406740548,0.19830414846280175,0.8229025138045343,-0.5324536763668942,-0.8279087532061833,-0.9575427847820226,0.046673915455281066,-0.28448789241013855,0.2654009419281336,0.4355560000082069,0.022378731543719672
0.7690517053178235,-0.5014379714418558,-0.3963829402787458,-1.936387402982046,0.46591275669087445,0.8643144254393604,-0.18943568072076045,-1.3400326479807043,0.4375897367403138,-0.03899403510416121,0.8983288303988902,0.35731943631009766,0.2874025987459681,0.009422178727289305
-0.8349197424096663,0.30757839190370634,-0.4564039401325396,-0.45739884779359696,0.5322879189449887,0.2404405997150821,-0.8117006155928828,-0.8252139885749548,-0.13992353297351304,-0.9206431723760198,-0.364468865717812,-0.3493797115455033,0.00037283286119093115,0.0033682880619815762
0.3501359096071325,-0.1759422913674795,-0.9200267142382046,0.8013264730816123,0.7302718922305977,0.6663760785354238,0.15048549888176188,-0.592969569864667,0.5866070304910503,-0.7245600265430819,0.36180790443875105,-0.3283273473308816,0.05029660756299803,0.010920675584826506
-0.9849341003155374,0.11175306975652477,-0.13196995656442417,-0.8681072574213347,-0.12498931829098003,0.06735186608469836,0.9898693835289911,1.8835586590294635,0.11950936510909407,0.9914509456019004,-0.05236920962091246,-1.678634393958552,0.17763633374972576,0.010347261659004727
-0.7773426653191983,-0.6215385382799934,-0.09709905307063577,-0.32453204964218135,-0.6209851467523263,0.7828251883518424,-0.03952432156146766,-0.8516733968328035,0.10057747355862896,0.029573128253056392,-0.9944896187984527,0.4171559207879514,0.09680021911332859,0.01956631523026621
