0.007968626999097896,0.42417060268907275,-0.9055472383029711,0.12376668009961651,0.017008946648922864,0.9053874841922833,0.4242454468840673,0.26417861683913807,0.9998235827973069,-0.018783058386659397,6.123233995736766e-17,1.9618516307440337,1.0749767998580873,0.15227764947845612
-0.5532757115433663,-0.8240066753876304,-0.12206140230558513,0.06584541957661727,-0.06804239274020145,-0.10133715371468689,0.9925225509111589,0.008097734647483104,-0.8302145625116256,0.5574439704523049,6.123233995736766e-17,-1.6118101779049692,1.3848111270040377,0.263807484129689
-0.9734137020411915,0.0006633817584126053,-0.22905310432977197,-0.02881951492465462,0.22905305113876953,-0.000156099729760989,-0.9734139280886085,0.00678149260893815,-0.000681500170965532,-0.9999997677787316,6.123233995736766e-17,0.24084940040775726,1.0290507933978998,0.38649806867432696
0.14324064823331406,0.06389292796258529,0.98762331404745,0.24537244504921985,0.9019622980356014,0.40232303360907024,-0.15684447567553067,1.5450690648280392,-0.40736486055627963,0.9132654982993516,6.123233995736766e-17,0.3515704348312333,2.571739264216491,0.2662472980252551
0.8063991640968246,-0.34454759306368,-0.4806322338940318,0.41944823446594803,-0.4419792356783767,0.18884305517313885,-0.876922263226355,-0.22989534008699042,0.39290551456183503,0.9195788474225032,6.123233995736766e-17,-0.5044736691105869,1.3232124018656997,0.3965904117006214
0.9919459828608931,-0.0876502191503825,-0.091436350370227,1.2301614877610583,-0.09108146774333077,0.008048130388326849,-0.995810922731305,-0.11295465257437254,0.08801893727975584,0.9961188014891309,6.123233995736766e-17,-0.8829470441070827,2.2345277439513245,0.2867810675430505
-0.8641598602366886,-0.49678246493068273,-0.08021794371025599,-1.3585679950440501,-0.06954524715422933,-0.039979708495172316,0.9967773480105264,-0.10933387598596186,-0.4983885979373565,0.8669537504654075,6.123233995736766e-17,-1.3667073534943215,1.8942371698995495,0.1715110649551294
0.9650829412596301,-0.24966426663751584,-0.07926329827866459,1.4785665510208599,-0.07673709378703081,0.01985167225029138,-0.9968537152190322,-0.11756595754139507,0.25045226077394794,0.9681289506430527,6.123233995736766e-17,1.1075797812696468,2.184390446058607,0.19741087428220172
0.8139993407220538,-0.4577831895481121,0.35754667481493796,1.6733495491999388,-0.31164389297812156,0.17526468166935427,0.9338952700002185,-0.6406506022022935,-0.4901868595479716,-0.8716173717443321,6.123233995736766e-17,-0.09868742854647339,2.617943558092418,0.21454935626171517
-0.2763787727864456,-0.5233212178034152,0.8060705161149418,0.31496939540025004,0.3764336579610289,0.7127744230146644,0.5918195020867353,-0.42899489154293136,-0.8842581495848015,0.4669984206534993,6.123233995736766e-17,-0.9241604756596812,1.5256897595424546,0.3701278042043073
-0.02160437196297054,0.1236819970456761,0.9920866971786685,0.022685597755170046,-0.17070972464816084,0.9772892123774969,-0.12555471031037035,0.17925316935394617,-0.985084484205611,-0.17207137756572208,6.123233995736766e-17,-0.04936851693560862,1.0337105546753038,0.38478351020627943
-0.05285367978617744,0.7737479107637573,-0.6312849270509957,-0.6827435781739155,-0.04302196985250193,0.6298172506622784,0.7755509917975858,-0.5557413174639404,0.9976750967339371,0.0681498448782488,6.123233995736766e-17,1.581076833527706,1.6819170052560084,0.21006892388837506
0.3764503580122929,0.6898909377511685,0.6183329377942193,1.0572635605749414,-0.2961786970298925,-0.5427833834845214,0.7859162665569215,-0.8318200185588495,0.8778173542247223,-0.47899550375959515,6.123233995736766e-17,1.3773989370388837,1.8901793582882995,0.1731718966204745
-0.16249970097058372,0.6019992957648683,0.781786860392955,-0.7578747512737459,0.20373826718583607,-0.7547724250177575,0.6235457520638934,0.9502053705093344,0.9654452680854486,0.2606058984969762,6.123233995736766e-17,0.6682661753949753,2.2250700900599916,0.3157351932226112
0.23655936183925874,0.45020668344544745,-0.8610189373685421,0.39044713553974475,0.4004973374948894,0.7622043644369652,0.5085728949646714,0.6610308592328251,0.8852353082574752,-0.465143471430367,6.123233995736766e-17,1.8383569359400793,1.2799813664997428,0.14891652780133335
-0.6698681567355552,-0.07253199928927956,0.7389287933697058,0.0005071475420211913,-0.7346348649590346,-0.07954481037396731,-0.6737835248276635,0.000556181484820284,0.1076488168923861,-0.9941889821465885,6.123233995736766e-17,0.20810316793571476,1.0211949868001569,0.3853934687483516
0.18608523575922303,-0.9741145984130707,-0.1283473185967534,0.9960783982087236,0.02408272248249323,-0.12606766702373665,0.9917292805040212,0.12891017138998406,-0.982238416836903,-0.1876371298270531,6.123233995736766e-17,-1.5592325959588458,1.7251749570989352,0.19629050324079725
0.10381170151834689,0.7355584040098392,-0.6694602041334226,-0.27806385803049927,0.09355589595174986,0.6628908350935538,0.7428479219070592,-0.25059326635972673,0.9901870656398876,-0.1397482559442836,6.123233995736766e-17,1.8479355200830097,1.261364831337494,0.18648375974407072
-0.3833918811747335,-0.13057545433227383,-0.914308873507864,-0.23208467712656897,0.8654897209164497,0.2947681447564937,-0.4050176339676838,0.5239205948226955,0.3223944919462256,-0.9466054043595646,6.123233995736766e-17,1.249991744045797,1.6287279400033048,0.31819504023660755
-0.40627916733576563,-0.36604430661606174,-0.8372268532380716,0.10397324452629142,-0.6220065115656681,-0.5604076224970819,0.5468557362020412,0.15918127318232678,-0.6693617390909532,0.742936647528667,6.123233995736766e-17,-0.30965613564631134,1.0809450515050611,0.39084500667242333
-0.0447681441068423,-0.03428848743732638,0.9984087904773722,-0.01955364512674357,0.792632063874074,0.6070869165294331,0.05639048765093887,0.3462025599292874,-0.6080544585741927,0.79389531766351,6.123233995736766e-17,-1.5025179441613878,1.4834094768855983,0.28122802235926886
-0.40590307780909685,0.0908665235576757,0.9093876875797499,-0.06474607479187416,0.8874231391952746,-0.1986608626339094,0.4159495566512307,0.1415539030955565,0.21845563267150303,0.9758468817156171,6.123233995736766e-17,-0.35363787536047053,1.0823258555020998,0.39168043120358353
0.4970239537863284,0.2582891061996177,-0.828404446500143,-0.0474687578799205,-0.7350732045159033,-0.3819964803292422,-0.5601304071542552,0.07020388394436072,-0.46112316507124923,0.8873361407238372,6.123233995736766e-17,-0.22648195440420718,1.0320933970815658,0.38646990140426707
-0.3674853310563247,0.20115593103879129,-0.9080147701807171,-0.24872960105753897,0.7964949121818137,-0.4359893091978579,-0.41893815430640774,0.5391014144207493,-0.4801566268697208,-0.8771827709622958,6.123233995736766e-17,-1.4391382032843985,1.6261356270064438,0.2776902034981222
0.45420330462466374,-0.6140988520497839,-0.6454316059654752,0.036321870682635704,0.3838049666076583,-0.518917821611926,0.7638180686661108,0.030692234562222365,-0.8039857621098331,-0.5946485468952823,6.123233995736766e-17,-1.641055953691138,1.372362824828671,0.25653037162474274
0.519908002347363,0.6901561325100348,-0.5033688328194005,1.2804407713670338,0.3028747488676802,0.40205356403383014,0.8640716510487046,0.745926539535396,0.7987255821579237,-0.6016954748097131,6.123233995736766e-17,0.32407305869112196,2.5138618226645018,0.2871415177910622
0.11324041449941778,-0.20256026236768315,0.9727003385593815,0.2288514349736529,0.4746476415584839,-0.8490321342543546,-0.23206475683839756,0.9592316873590876,0.8728609424684833,0.4879690308954359,6.123233995736766e-17,0.005789783623706413,1.8505160888444179,0.37942885103914975
0.7741149163743231,-0.24079149845464082,0.5854618266964494,0.8220082294696003,0.5590412569185974,-0.17389198826173125,-0.8106999750100259,0.5936282896503539,0.29701678287539474,0.9548722588337932,6.123233995736766e-17,-0.701236675785065,1.9847621591508045,0.34506430122208465
0.904121654829616,0.2551641808079525,-0.34271748438146976,0.5068721026158765,0.329833505592181,0.0930866944817339,0.9394385162953651,0.1849125077356768,0.2716134971921114,-0.9624064152649185,6.123233995736766e-17,-0.6345822309186862,1.4253136762569767,0.3916896821463899
0.7921045647651901,-0.5971127259475786,-0.12659680481592137,1.7046197178101092,-0.10109126123433326,0.07620569461432838,-0.9919542575191658,-0.21754975903897242,0.6019559081695273,0.7985293260862745,6.123233995736766e-17,0.994070067251413,2.0449836093709415,0.15158385608754593
-0.6882361444889324,0.4368324216157435,-0.5792309080533724,-1.191559486766952,0.4890401004231483,-0.31040010473975577,-0.8151635143673112,0.8466866724957889,-0.5358831865221431,-0.8442921356988196,6.123233995736766e-17,-1.322492710112325,1.8668242182757844,0.15684670588901184
0.4569829201936573,-0.3530331499773764,0.8164154614339005,0.8740724606396414,-0.6460788783714152,0.4991155062614892,0.5774649723850541,-1.2357568084734745,-0.6113498945559829,-0.7913604149983675,6.123233995736766e-17,-1.3029540110858866,1.8242527593000373,0.14699301027522252
-0.1888870487615092,-0.06765696074416659,0.9796653604537774,0.006061831294955133,-0.9222863948082437,-0.3303513651018293,-0.20063843481987806,0.029598347624240406,0.33720837587726044,-0.9414300352326881,6.123233995736766e-17,0.573662116150012,1.1419128887503667,0.39670105124016414
0.2819058217011095,0.7501019528531977,0.5982275219486658,-0.5172061511856718,0.21045586806523545,0.5599861566268846,-0.8013262955770006,-0.3861185585300442,-0.9360755499893855,0.35179904023756164,6.123233995736766e-17,-0.8617855215770248,1.6071263132197617,0.36880450212678023
0.5317226139281778,-0.7828125900922883,0.3232267170739281,0.4945582839448067,0.1816158087179811,-0.267378399752304,-0.9463215570669469,0.16892191594647013,0.8272162715161615,0.5618836535608597,6.123233995736766e-17,1.8264448127734618,1.3123378472367742,0.1818005661137355
-0.7300059807578272,-0.6068435639388225,0.3143758212137679,-1.480143594873206,0.2417534675407667,0.20096621083119023,0.9492986058328375,0.49017385603798247,-0.6392546667720295,0.768995104672443,6.123233995736766e-17,-1.252101197698149,1.8533834521105337,0.14601027779351428
0.4743731802585428,-0.8763418768573752,0.08363612088977569,0.5335174179512552,-0.03981422729459073,0.07355153310722924,0.9964963619012921,-0.04477821392085725,-0.879423056984709,-0.4760410558383271,6.123233995736766e-17,-1.8776601620777436,1.2316131300808872,0.16365633276812797
0.22035000680545203,-0.47703026134148224,-0.8508160813391542,0.022998562225021724,-0.3567846165526456,0.7723941621068195,-0.5254636007704869,-0.03723863377032338,0.9078274130539454,0.4193439973432088,6.123233995736766e-17,1.834619068287039,1.2390542011077503,0.20235708283339096
-0.03223602728826113,0.05479773913640535,-0.9979769768537794,0.016239805437111003,-0.5060184726771719,0.8601763491515395,0.06357636093542195,0.2549210382029229,0.8619200333291557,0.5070442349005334,6.123233995736766e-17,1.5089294261691235,1.4489053738006636,0.2839772023306408
-0.009725342746822001,0.28747809337590546,0.9577378365384814,-0.25347776466493593,0.032381609494181895,-0.957190260556373,0.2876425498124173,0.8439823875122873,0.9994282610948237,0.03381051500608721,6.123233995736766e-17,1.5303603979347968,1.7313051848938643,0.2228339481106574
-0.07624549852769212,0.9178397154239232,-0.38955985515039354,-0.9712176134701056,-0.032249889531209275,0.3882226492233811,0.9210011505178506,-0.4108001304995028,0.9965673928939721,0.08278545416020557,6.123233995736766e-17,1.2326280387847062,2.003384208259038,0.2615375548492457
0.17561472737834843,0.635686752757513,-0.7517059397772755,0.11965299873612889,-0.20016823018270108,-0.7245650416090761,-0.6594984307059139,-0.13638223485359463,-0.9638942613966294,0.266285284697909,6.123233995736766e-17,-1.9602875731602372,1.075812575379815,0.1577867718636357
-0.5392451176051318,0.7265096634579179,-0.42590892458516333,0.21771059308570628,-0.25384386444452595,0.34199664402616503,0.904766040453945,0.1024849302759071,0.8029806944272675,0.596005037207827,6.123233995736766e-17,1.3507469238587757,1.4533222754514679,0.31882089798368685
0.13620330683279863,-0.3996068711779232,-0.9065114493017732,0.16323541659871793,-0.2924570015093404,0.8580395736697504,-0.4221812315638851,-0.35050059788337784,0.9465292185009273,0.3226181001184277,6.123233995736766e-17,-0.05141877912298254,1.1479240040476735,0.39181187780965054
0.46631133240992645,-0.7742156099255985,-0.4279531874091051,-0.4059930123383935,0.2208002013705344,-0.3665940557187802,0.9038009014082622,-0.19223924586191088,-0.8566218607651864,-0.5159447525260717,6.123233995736766e-17,-1.1183154700931945,1.5210141521192764,0.3497344164341929
-0.05471425360806433,0.24424070226454575,-0.9681698352094192,0.10600270316577048,0.21164172728494574,-0.9447542585674217,-0.25029416731231685,-0.41003200656968214,-0.9758145980276977,-0.21859979477584818,6.123233995736766e-17,-0.2092039873258873,1.1949200384403624,0.39451158353586685
-0.2440958093632851,-0.05069856853579821,0.9684249537262574,-0.025592912031201398,0.9481888984368342,0.19693832506865375,0.24930525265283973,0.09941553331028086,-0.20335940777949213,0.9791041575172552,6.123233995736766e-17,0.27813852420903823,1.0475744926780586,0.38838371208353306
-0.49952169918942996,0.6609664642003897,0.5600012546783618,-0.297336129364996,0.33764099068062564,-0.44676612075396355,0.8284917590167451,0.20097798643551756,0.7977948567464636,0.6029289896404797,6.123233995736766e-17,-0.17197017594211017,1.1403929574779268,0.39209288013766924
0.05067081118101078,-0.25971175204889557,0.964355885937319,0.2591266478137486,-0.18466780784914044,0.9465094164804406,0.2646086265752661,-0.9443770267683074,-0.9814938968931245,-0.19149342119652224,6.123233995736766e-17,-0.365549039894566,1.8747695564551023,0.37276583758030674
-0.1913333459070475,0.9055157858314782,0.37872511450128893,-0.536046183913365,-0.07829500018248371,0.3705436618003866,-0.9255092045171596,-0.21935400684262363,-0.9783973853657004,-0.20673305567702777,6.123233995736766e-17,-0.05034813238734426,1.322384920390792,0.3967836125680757
0.6903684807991578,-0.2823203372652799,0.666098031738183,0.3408488441984713,0.6165372774675191,-0.2521276926051977,-0.7458642048754709,0.3043968898852608,0.3785143936655546,0.9255954050166831,6.123233995736766e-17,-0.5048906108881448,1.305541454916457,0.39678897676452385
-0.4898996352164407,-0.41890297675283134,-0.7645381896821212,0.051225753257031215,0.5810727771140892,0.49686323186500225,-0.6445784331775186,-0.060759160785399335,0.6498867402184154,-0.7600310683704198,6.123233995736766e-17,0.10653135242731138,1.0119355210267316,0.3834289108525986
0.1923873606489762,-0.4487509065374621,-0.8727025423042646,0.6200866325217234,0.34387334448256296,-0.802097781008465,0.4882522633390175,1.1083434144264281,-0.9190964184550484,-0.39403270623528536,6.123233995736766e-17,-0.43674919393774714,2.2805019444925994,0.324645546636864
-0.9207079083552712,-0.01457515467522419,-0.38998014354355914,-0.3880145887431925,0.3899312880415541,0.006172759877850426,-0.9208232662361139,0.16432902008827496,0.01582839531716064,-0.9998747231036915,6.123233995736766e-17,0.8315130426748271,1.4066019016148248,0.38458250467249067
-0.059084735386189566,0.09004873696280563,0.9941831918795184,-0.05241091553235239,-0.5454021136248566,0.8312260543734696,-0.10770227938280878,-0.483797108026658,-0.8360894261368714,-0.5485931748592184,6.123233995736766e-17,-1.8341677213691665,1.2965682207113542,0.1825010789477747
-0.25280335184345054,0.8876471714093527,-0.38493241534806055,0.6694627456114457,-0.1054366509574765,0.37021085481190724,0.922944763035312,0.279212713452385,0.9617554668061876,0.27390951438095784,6.123233995736766e-17,1.0000975056722325,1.7224051851645996,0.34460892965280243
0.9770933550158682,0.168565423085369,-0.1299010150995177,0.006282343566960669,0.1280100520597702,0.02208393750081833,0.9915269669938962,0.0008230565922238975,0.17000588859062937,-0.9854430464742803,6.123233995736766e-17,0.37335152595098053,1.0651839130183771,0.3912115671133318
0.11461008079541761,0.05865847807830091,0.9916772218467083,-0.006793957864211983,-0.8827739705389873,-0.45181171882592513,0.12874893269613794,0.05232985718045824,0.45560360656924054,-0.8901827642013188,6.123233995736766e-17,0.12267434864561977,1.0102415888613856,0.3834424592215842
0.23720870854648332,-0.1976015383131103,-0.9511496520768968,-0.031559047659757505,-0.7308030672021547,0.6087795476310983,-0.30873020479700086,0.09722850804699801,0.6400460183124588,0.7683365762752464,6.123233995736766e-17,0.14798138473850508,1.0212105011373558,0.3845764337754178
0.1195503215091819,-0.2773856735139546,0.9532916178988783,-0.09350325320548047,0.3773076123930518,-0.8754449579422544,-0.3020514711828747,-0.2951015837730992,0.9183390911081297,0.3957945347559693,6.123233995736766e-17,0.2094850530914909,1.1151593592845654,0.39122520838408487
0.09566171250859916,-0.01003499545375878,0.9953633184049757,0.18921908158901374,0.9899315236428052,-0.10384466343726613,-0.0961866122380596,1.958086770847498,0.10432840101408646,0.9945429024138898,6.123233995736766e-17,-0.12788364863185964,2.325521884849688,0.15679203338365508
-0.388956639745649,-0.8253916800633528,0.40919592725242193,-1.292292593068494,0.17443155892347173,0.37015528921183444,0.9124465426095003,0.5795417497991552,-0.9045918215688781,0.4262788246567018,6.123233995736766e-17,-0.7636312289091772,2.398136173450979,0.2648461200786562
-0.5377168117931962,0.6060778917679417,-0.5861145105054879,-0.9311817662518242,0.38898129595199094,-0.438433313999515,-0.8102282274611965,0.673611615369772,-0.7480335431746828,-0.6636609211679787,6.123233995736766e-17,0.12613515386325258,2.0943919188557625,0.3575288124939731
-0.25818821911183465,0.5744788215415284,-0.7767322106827526,-0.7979888470882085,0.3184078112457304,-0.7084697543648699,-0.6298309875576813,0.9841110608141368,-0.912115842012166,-0.40993254414651864,6.123233995736766e-17,-1.4273385759344732,1.858300064807689,0.17886774766184263
0.333769334615391,-0.09844163523261683,0.9375005470521751,0.03046569432288415,-0.8992054653295359,0.26521087241027763,0.34798379887125835,-0.08207739896705657,-0.2828914321641646,-0.9591519366649415,6.123233995736766e-17,0.20732140421206618,1.0286174639950436,0.38592211792169195
0.0805006004469211,-0.042271939674825135,0.9958577892670284,0.08235270836578215,-0.8816892646392782,0.4629868000965706,0.09092449370871905,-0.9019746247477392,-0.4649125659170054,-0.8853565982430278,6.123233995736766e-17,-1.4647050813228404,1.7933983778179388,0.2351307132317126
-0.5568604689082987,-0.1409231107342144,0.8185640445488808,-0.8871661132410853,-0.7935477688621669,-0.20082089921643823,-0.5744152722306206,-1.264246124622139,0.24533315450853052,-0.9694388290649872,6.123233995736766e-17,1.063465930533768,2.196535509102004,0.18980195433845584
0.1928250654226694,-0.3201848388023921,0.9275236725527977,-0.17382404293203033,-0.47850947373766284,0.7945620470983586,0.3737644135738053,0.4313570495829335,-0.8566488065059381,-0.5159000119324982,6.123233995736766e-17,-0.6624547255374533,1.372079370317374,0.3929273247883014
-0.5678407369139277,-0.2650177752730755,0.7793089735723292,-0.804394496256731,-0.7061845322849568,-0.3295844089938633,-0.6266398676350259,-1.0003701992197103,0.42291879109649944,-0.9061675872251641,6.123233995736766e-17,1.3489301907622604,1.9672893614649942,0.1939709688897688
0.1321582678319016,0.955367027832709,0.2642121011115264,-0.757296592065352,-0.03620434965146765,-0.2617198491518779,0.9644646005044626,0.20745906448980064,0.9905672300808188,-0.1370275982786473,6.123233995736766e-17,0.6039172684693146,1.6773926693779329,0.3789680027728678
0.4058188657902448,-0.29708766464578107,-0.8643205236971034,0.8245811964616792,-0.697412438384418,0.5105544618067064,-0.5029413805961533,-1.4170686267885784,0.5907003800197015,0.8068909846098048,6.123233995736766e-17,1.144535265975998,1.92236020793722,0.14609578797299314
0.041969025515951164,-0.06063637755620375,0.9972772085103033,0.025066340861038792,0.5675686696406348,-0.8200168509588464,-0.07374394474054836,0.33898499096318657,0.8222556817314195,0.5691182599955817,6.123233995736766e-17,-0.15112184065839906,1.124528310201593,0.3911600788709581
0.0975031105108789,-0.9457193687371321,0.3100129336594582,0.5852929699797302,-0.03179362274886614,0.30837831406998517,0.9507323392858036,-0.19085118195303896,-0.9947272535691409,-0.10255579460368823,6.123233995736766e-17,-1.853075519635642,1.2747379764856908,0.16359880282475986
0.2563239464984632,-0.43580724924847963,-0.8627688427116075,0.07309722951953274,-0.43739900278639876,0.7436747866610717,-0.5055985799486322,-0.12473534265938685,0.8619629613927253,0.5069712547936847,6.123233995736766e-17,-0.07006139763503272,1.023270389341746,0.3840731008825521
-0.7567042420234796,-0.10487059911082511,0.6452912889120757,-0.026486958188635557,-0.6391821595837583,-0.08858337550382056,-0.7639366154689747,-0.022373326586018427,0.13727657110197014,-0.9905327571698402,6.123233995736766e-17,-0.1565423900370773,1.0132991925896506,0.38406506856613004
-0.6644279655295499,0.006972693587687705,-0.7473197844071809,-0.535220954591004,0.7472786366688959,-0.00784215178836499,-0.6644645512242203,0.6019601913423716,-0.010493702899336259,-0.9999449395839055,6.123233995736766e-17,-0.9914055734423572,1.8004783922869656,0.3371444959374623
0.48349670628106634,0.8420001726704351,-0.23930450108244386,1.227966099889795,-0.11916533835676896,-0.20752413443412826,-0.9709445688409213,-0.3026514842459841,-0.8671969540708021,0.4979653028578628,6.123233995736766e-17,-1.5091456718408227,1.7056839994108313,0.15765814719613797
-0.5350186516565323,-0.7124868679885265,-0.4540016578422661,-0.5204799302531737,-0.27261405855218623,-0.3630414306979731,0.8910008387630586,-0.2652059806549814,-0.7996478083877496,0.6004693019136521,6.123233995736766e-17,0.20021905573058107,1.3431003699216535,0.39705178121067636
0.3604115847639364,-0.9248808626993824,-0.12123893508437796,1.345812959194872,0.04402064146836064,-0.11296487288138761,0.9926233528482019,0.1643774846998728,-0.93175408380788,-0.3630899713670677,6.123233995736766e-17,-1.0521632261392178,2.2455369855434837,0.2367613722271287
-0.04552188470320715,-0.03998974052837527,0.9981626013158083,0.01487879597050095,0.7499018322925696,0.6587684119550573,0.060592254739849916,-0.24510488599782965,-0.6599810602868198,0.7512822372868171,6.123233995736766e-17,-0.5805242271563523,1.1998825133799143,0.3970772657987342
0.9330965498360495,0.2092467577007426,-0.2924835432563473,0.00018135669043251035,-0.28539557480537686,-0.06399991372881787,-0.9562705563407317,-5.546949768475695e-05,-0.21881543493448857,0.9757662657800948,6.123233995736766e-17,0.0008439985098122882,1.0000003921337233,0.38196607516252323
-0.5653079991331089,0.440493492623558,0.6974183458100457,-0.48793413707401456,-0.5501267409511296,0.42866410855459935,-0.7166642525810671,-0.47483074189460606,-0.6146441531541725,-0.7888045163368362,6.123233995736766e-17,-1.608798969063717,1.58818489044776,0.2282270269728955
0.05461030021504828,0.03160120024703568,0.9980075547075629,0.029202763716865202,0.8638068169127747,0.4998568418141229,-0.0630945381679821,0.4619192033734718,-0.5008547675378985,0.8655313407581251,6.123233995736766e-17,0.41448167507365696,1.2797266137508538,0.39706326051831903
-0.8207244128201518,0.29529101900999066,-0.48909574961663516,-1.4437181879747087,0.46021436524803006,-0.16558197459992766,-0.8722301002069016,0.8095529255584766,-0.33854715509123656,-0.9409494267917009,6.123233995736766e-17,-1.038433807627844,2.0950438825540307,0.1631249942020623
0.6730295298407241,0.026700684635609602,-0.7391334963336215,1.161922419001114,-0.7385525217120003,-0.02930013780187783,-0.6735589614856566,-1.2750417248260466,-0.03964119871067599,0.9992139787677016,6.123233995736766e-17,0.6482273046171492,2.4524649417756588,0.1999930772532399
-0.3735964107326987,0.31254499701331195,-0.8733506436303768,-0.033332919233825364,-0.6698542379327026,0.5603897274693672,0.4870920377817795,-0.05976555601178357,0.6416549086629375,0.7669934668488103,6.123233995736766e-17,-0.07389561823575164,1.0073967598232805,0.38281719149192656
0.26829576941088273,-0.04582202140522174,0.9622461859994883,0.09969104174000451,-0.9485120667170234,0.16199562266543754,0.2721805972685014,-0.35243998159796985,-0.1683515352125529,-0.9857270213358141,6.123233995736766e-17,-0.9533805252179237,1.4172767804031872,0.3755938949715612
0.10866722178408508,-0.4863979058815954,0.8669535812624152,0.5578907937646346,-0.1890279630085775,0.8460951136039937,0.49838889226814925,-0.9704578675628948,-0.9759405023414882,-0.21803700577985302,6.123233995736766e-17,-0.5428521895861489,2.0954336926334145,0.3431081261776267
-0.09896697140804693,-0.003536647510292359,0.9950844339525701,-0.010962813026118498,-0.994449662749459,-0.03553728960112497,-0.09903014341751322,-0.1101576168443047,0.03571283841710541,-0.9993620931235053,6.123233995736766e-17,0.49427891397913937,1.1204049874342985,0.39542428219887343
0.013723498360279411,-0.7082814145818725,0.7057967861577843,-0.5896301164823201,-0.013672790487330215,0.7056643381601104,0.7084143537855109,0.5874514526862109,-0.9998123425888705,-0.019372134806340216,6.123233995736766e-17,-1.52384865786235,1.7174542899131264,0.23119279782844857
-0.522025255424903,-0.2909297365110729,0.8017789727301174,-1.021929912644999,-0.7003587493382345,-0.3903167218267064,-0.597620681442533,-1.3710400945042855,0.4868133676512476,-0.8735060074642025,6.123233995736766e-17,-0.06116643757510809,2.646440276341821,0.23815247124329153
0.3315350035291369,0.024342113890736712,0.9431288368649671,0.1966494356689694,0.9405969328269904,0.06906093601106006,-0.33242743128949875,0.5579135055527711,-0.07322534664577098,0.9973154208216208,6.123233995736766e-17,-0.9872052578433298,1.5955840419632605,0.358335956407489
0.04751826523319682,-0.34719122195172425,-0.9365897019874263,0.28096824165353795,0.12700220155764433,-0.9279389584818645,0.35042792430270725,0.7509446121962071,-0.9907635718317155,-0.13560068116075583,6.123233995736766e-17,-0.2449774250604838,1.6108009706866842,0.39138033326861116
0.06815540669024253,0.08705388527452704,0.993869438909104,0.16869498178787892,-0.6126764388877854,-0.7825624849360457,0.11056011216755739,-1.516467228634912,0.7873896251352753,-0.6164556579587299,6.123233995736766e-17,0.37139202633517143,2.5447066702521495,0.2744048288279416
-0.1451670053078542,0.4827175469292971,-0.8636609927839229,0.236855227113284,0.2487240046566833,-0.8270711456483375,-0.5040730994047279,-0.40581935603445873,-0.9576340167712776,-0.28798800308781675,6.123233995736766e-17,-0.30522923221561893,1.2545835139073949,0.39650302302594254
0.6689891468332997,-0.6387810367796248,-0.38001619501016204,-0.2523381482255068,-0.2748456787941629,0.26243506114499515,-0.9249798330396174,0.10366991746128185,0.6905891501228714,0.7232472784135247,6.123233995736766e-17,0.7793695464444024,1.2969690987528524,0.3920869761884641
0.12215418862617097,0.4011597918547116,-0.9078266219935205,-0.267821411421574,-0.264447261074855,-0.868456574452732,-0.41934570988604825,0.5797970540689523,-0.9566326360265414,0.2912970986620201,6.123233995736766e-17,-1.3242881374334496,1.6752882132790317,0.29779603698655205
0.3960934331156337,0.8185523366379899,0.41603132625699923,0.9983448146101619,0.18121430162037455,0.37449090952304526,-0.9093502821096182,0.45674667447235234,-0.9001507480033057,0.4355785013853291,6.123233995736766e-17,-1.649400496083671,1.5381289797340383,0.1530530977767189
-0.4035968221598502,0.3628809794192074,0.8398970174481077,0.1391451139902921,-0.6245645182384948,0.5615569093829618,-0.5427457969268606,0.21532652467260305,-0.6686020996826042,-0.7436203549527224,6.123233995736766e-17,-0.6723739403079766,1.2434372337440847,0.39612161082284153
0.04326965192282004,-0.8883546417890628,0.45711461104880907,0.00013145865379521338,0.022238606562828743,-0.45657333694867436,-0.8894077986872478,6.756368843098895e-05,0.998815889741759,0.04864995785587376,6.123233995736766e-17,-7.188255213286254e-06,1.0000000218720653,0.3819660131204094
-0.4104136298967581,0.06446559748554677,-0.9096179632877741,-0.8257445507623169,0.8986001693428874,-0.14114735134862633,-0.4154457375689413,1.8079667415910199,-0.15517212395240682,-0.9878874490285313,6.123233995736766e-17,-0.13166332877593773,2.260105260928417,0.14901646684628886
-0.12454860979973606,-0.15608786144468462,-0.9798592875033527,0.06864380933340702,-0.6111502870951531,-0.765910928169908,0.1996892002423315,0.3368298036314621,-0.7816539965870225,0.6237122971527297,6.123233995736766e-17,-0.5286511571257975,1.2323116516883403,0.3970773899468396
0.08641505713545451,-0.5550775769615733,0.8272976015042862,0.6065883076157785,-0.12726159440363,0.8174507985466714,0.5617638992897774,-0.8933095427198618,-0.9880976290276797,-0.15382807126749626,6.123233995736766e-17,-0.6104862807273065,2.0534477585872506,0.34374592490548644
0.12971566502622334,-0.2946329257669436,-0.9467656971504699,0.06671757385621954,-0.38148925733433053,0.8665051828115721,-0.3219234609331614,-0.19621406324681112,0.9152266346568512,0.40293945849804097,6.123233995736766e-17,-0.06543862064934547,1.044811765894791,0.3856780737374997
-0.8663999103057168,0.32571751616938216,-0.3784960965224003,-1.5060501101410924,0.354286907040967,-0.13319190133802947,-0.9256028872671616,0.6158516742947482,-0.3518976881447093,-0.9360384698709818,6.123233995736766e-17,0.3708965387152175,2.5947969813480904,0.24947344678635955
-0.34085139101167927,-0.7672252338957259,-0.5433100125334078,-1.1000461291138341,-0.22058473115265492,-0.4965160079004127,0.8395321496410654,-0.7119037388284544,-0.913872368346759,0.40600159405140973,6.123233995736766e-17,-0.4869895011168029,2.3307474745913566,0.31347560243473677
-0.20002310204281434,0.24316460739740053,-0.9491373622181554,0.0742421463398156,0.6029600868752739,-0.733008094084779,-0.3148622994922734,-0.22379940391725484,-0.772288736344466,-0.6352716802404055,6.123233995736766e-17,-1.263458073655024,1.441951094754007,0.3356933969369889
-0.09173042040894258,0.8535968803950433,-0.5127942040930735,-0.34742856260129407,-0.05479114078113281,0.5098586339794108,0.8585115632584988,-0.20752120398020468,0.9942753445919801,0.10684820605185315,6.123233995736766e-17,1.9488914914670408,1.0989232367972013,0.14959402273517974
0.5043666280886806,0.2325072234979936,-0.8315976764588202,1.0552902478879607,-0.7552148636595931,-0.3481453794025286,-0.5553785236289673,-1.5801419766810514,-0.41864640710040324,0.9081493191220942,6.123233995736766e-17,-0.292240618667512,2.430222295714476,0.1741569865389515
0.1571240144700363,0.19822048762468777,0.9674816186174551,0.1605363875327284,0.6009875665614292,0.7581784929693156,-0.25294133240209904,0.614039637500835,-0.7836619098280786,0.6211875812382348,6.123233995736766e-17,0.21624708560814299,1.4009315368474098,0.39690166483282235
0.15177942926048985,0.9749092808544446,0.16283396131406222,1.1295219223031043,-0.025049164745427305,-0.16089573736673685,0.9866534858007499,-0.18641248588953108,0.9880969305685129,-0.15383255767581713,6.123233995736766e-17,0.8540018304038983,2.14946963055932,0.30702447641796565
0.18387259861708202,0.6817464026489861,0.7081050133652266,0.21134025659507671,0.18439285192269092,0.6836753514006367,-0.7061071377964057,0.21193822751585983,-0.9654999449184956,0.2604032572038644,6.123233995736766e-17,0.033743158659725325,1.0891229296555018,0.3885554890646983
-0.11630355720405286,0.03334966182154222,-0.9926536569408649,-0.15232222379226823,0.9541996041839605,-0.27361359252282325,-0.12099056724359807,1.249710749568871,-0.2756385277076787,-0.9612613599033007,6.123233995736766e-17,-1.2302985816590868,2.0952259337234302,0.22444837436286166
0.018579447326499212,-0.5528588933803024,0.8330677332290269,0.2051874396398838,0.027980386091514646,-0.8325977096662703,-0.5531709969373401,0.3090093952399106,0.9994357919002158,0.033587168216275484,6.123233995736766e-17,1.9408178361425301,1.1152504258461289,0.15508804203332124
-0.6981595099259243,0.004684984608600719,0.7159269163952493,-0.9302938948521955,-0.7159107976567852,0.004804104249054668,-0.6981752289939751,-0.9539473928952669,-0.006710327743010056,-0.9999774854973392,6.123233995736766e-17,0.9363974108861315,2.2925282859504774,0.2599019003691021
-0.4522998059810899,-0.06969581634514053,0.8891385598957301,-0.038054133466647655,0.8787668837595354,0.13541101395753558,0.4576380898773037,0.0739348366690511,-0.15229461420885326,0.9883351407710729,6.123233995736766e-17,0.2727299718790551,1.042645204693597,0.38797377643890457
-0.5516904439600236,0.8071456008824628,0.2101276588630827,-1.172333642382541,-0.11857268011371536,0.17347666283950303,-0.9776739574013005,-0.2519651074015058,-0.8255774788436532,-0.564288779284293,6.123233995736766e-17,-1.5982407176444515,1.5674079481298318,0.1466576914927728
0.33601146924383224,0.7786793073816923,0.529863028331067,-0.12003901510853493,-0.20993228916938772,-0.4865010408583621,0.8480832336556542,0.07499763412268096,0.9181637797804386,-0.3962010518654616,6.123233995736766e-17,1.7612728442167944,1.3110970557396082,0.2225458113768668
-0.8163417136729216,-0.2779053826040417,-0.5063149265400526,-0.8727152442878858,0.47930265155553475,0.16316792898450513,-0.8623486505832436,0.5124015147506175,0.32226568965589764,-0.9466492620134496,6.123233995736766e-17,-0.6755952677430763,1.9778431329724258,0.3477909890029351
-0.20962913406449005,0.08047207626245541,-0.9744638890658708,-0.08599681214502342,0.9097360703780701,-0.34922793895455817,-0.22454426936935706,0.3732038597353877,-0.35837955913310543,-0.9335759699111588,6.123233995736766e-17,0.47639480314671306,1.238987160387912,0.39702569855760383
0.9292198680232853,0.3497925060450367,0.11914545558065275,-0.04364005941186133,0.11150660722726748,0.04197518469506955,-0.9928768102914272,-0.005236817605465932,-0.3523020201694169,0.9358863641407261,6.123233995736766e-17,-0.5520882417894405,1.1338831447174755,0.3963995624501226
0.3800770259741778,0.7976994995099037,0.4682061114597643,-0.2786084746679509,-0.20139260179284288,-0.42267952724420266,0.8836192829447118,0.14762714334311264,0.9027637976069564,-0.43013663611725333,6.123233995736766e-17,1.569336095823032,1.453255011064944,0.2669340424316592
-0.08670850582421791,0.13824514496379414,0.9865951119439378,-0.11845508987416874,-0.5242209641285438,0.835800392246744,-0.1631872699947177,-0.7161539785457386,-0.8471564293481291,-0.5313435651385349,6.123233995736766e-17,0.13373799533675435,1.4984864765058956,0.39565556867299556
0.8169895832924072,-0.5753833479369483,-0.03823641861586291,0.11385995609268273,-0.031261616682823894,0.02201669891113776,-0.9992687207610536,-0.004356782969677824,0.5758044217562722,0.817587468033803,6.123233995736766e-17,1.2863569231781196,1.4135067884643249,0.33455779631059246
-0.858419639753978,0.5127068186813978,-0.0157302308390889,-1.569362100645714,0.013504810009697108,-0.008065994597878696,-0.9998762722645982,0.02468948288708033,-0.5127702625847688,-0.8585258632148174,6.123233995736766e-17,-1.2159314961534493,1.9135019606726436,0.15151067421086756
0.11309745595791595,0.5834001824772291,0.8042718399529994,-0.43181602496596816,0.153065761572773,0.7895720772516782,-0.5942615648505437,-0.5844185279051568,-0.9817228927197299,0.19031595285210787,6.123233995736766e-17,-1.3807043723408383,1.7274113805776836,0.27685970681203065
0.1033950514461121,0.9409723241247254,-0.32230505513840196,-0.7357629779145932,-0.035203343931512636,-0.3203767674844853,-0.9466358599969852,0.25050828643477857,-0.9940171969903213,0.10922367915202517,6.123233995736766e-17,-1.4568159286576559,1.7310664356018948,0.25408888259754886
-0.06406011004183405,-0.9476444974864188,0.31283575352753534,0.20972223113866928,-0.021099326234287744,-0.3121234164839286,-0.949807239030562,0.06907571295909079,0.9977229679294184,-0.0674453798722551,6.123233995736766e-17,1.9552780274242734,1.0857395231107894,0.15813982213978664
-0.5171749586497616,0.836711271669666,0.18012304129829665,-0.786754561932651,0.09470409842492018,-0.15321698257070238,0.9836440870525538,0.14406900454742091,0.8506240038272729,0.5257744802791968,6.123233995736766e-17,1.81233598957839,1.3272215870472384,0.1531987724518003
-0.6678461477268236,-0.6198633810901769,0.41200838796060446,-0.3807769666278411,0.3019800685347316,0.28028369549022075,0.9111800525966886,0.17217596428475176,-0.6802863817350753,0.7329464092454504,6.123233995736766e-17,0.26878799879735693,1.2028025639718198,0.3951823211540384
0.5009561334962646,-0.20014485152081493,0.8420124647071346,0.5936802875143034,-0.7819167645092732,0.3123958452052997,0.5394580699904454,-0.9266451462053625,-0.37101095090552605,-0.928628491006052,6.123233995736766e-17,0.6141062638426835,2.0805141865086747,0.34024298585541685
0.6979314215610666,-0.004852593505224509,-0.7161481572510131,0.6850606227192695,0.7161308479527893,-0.004979130892106576,0.6979482909685919,0.7029244270872695,-0.006952654756830452,-0.9999758300038217,6.123233995736766e-17,-1.0067826067912236,1.981555563179597,0.31175498574560595
0.03718687430646195,-0.9368626578356545,0.3477146771886813,0.7361469252101037,0.013790973260282368,-0.34744108247149336,-0.9376003963670083,0.27300446059397443,0.9992131631618199,0.03966175190470562,6.123233995736766e-17,1.6657438940550655,1.5655083012977118,0.20039940399768982
0.5434313612159464,0.3884868863567353,-0.7441507204698742,-0.07984238445666403,-0.6053708423002414,-0.43276603155576926,-0.6680117553038774,0.08894269815720757,-0.5815569610448146,0.813505685942219,6.123233995736766e-17,-0.9413604428132332,1.3122492411838977,0.38308166932882104
0.037794076333677165,0.8494785938269876,0.526267732645474,0.4010374348225066,-0.023390991642712522,-0.5257476466269523,0.850318924625456,-0.24820459173357945,0.9990117463293686,-0.0444469424814044,6.123233995736766e-17,0.09484743176705435,1.2202374533110287,0.3947587087668839
-0.23796897739716874,-0.3083745055902885,-0.9210189629418555,-0.5280680049155696,0.5626802534926608,0.72915489604605,-0.38951774016276725,1.2486225814692746,0.7916828267216491,-0.6109323218442606,6.123233995736766e-17,0.12435556298750372,2.379196515402741,0.32097559631881756
-0.2560915777620659,-0.8699553564801192,0.42141995862901904,0.5512559653639005,0.11900561888567067,0.4042677877404068,0.9068656011058727,-0.25616835155547335,-0.9592991016742245,0.2823919855927674,6.123233995736766e-17,-0.503849393680144,1.4457418323386488,0.39383968484243753
0.06974298683102571,-0.022091546716483026,-0.9973203494121439,0.14289629172706453,0.9507630074879272,-0.3011603940495371,0.07315818920967891,1.9480167720728794,-0.3019695669772022,-0.9533175654626327,6.123233995736766e-17,-0.3135247824199206,2.28533535258637,0.1542251104260306
0.7022674802315191,-0.526121309739536,-0.4796006188978787,1.1082036657413346,-0.383832420818897,0.28755769225589056,-0.877486892410805,-0.6057015421554772,0.5995774002892188,0.8003167754473361,6.123233995736766e-17,-0.28698331747977557,2.2632813613366483,0.3338613091657729
-0.5626291160378645,0.7883455492366545,0.2489172006616029,-1.3914776592396296,0.14459936299874013,-0.2026099627500268,0.9685247685086795,0.35761886012932087,0.813965295333167,0.580913503021913,6.123233995736766e-17,1.3312976703828499,1.882745720996141,0.16142902909630968
0.4934070894966526,0.6616381718879059,0.5646099304256632,1.0958518718214314,0.3375293917483111,0.4526127298710095,-0.8253578778110303,0.7496491712745148,-0.8016379193504118,0.5978098746755047,6.123233995736766e-17,-1.4851710725865392,1.6878811341442828,0.14895216667691458
0.16385502086566844,0.8956272495751623,0.41352552757422517,-0.5894921826353918,-0.07441931931363142,-0.4067740489122149,0.9104925249800015,0.2677342857158943,0.9836733690865109,-0.17996305995951742,6.123233995736766e-17,1.5452772344065704,1.6147037345109767,0.2477334334247919
0.129896120778986,-0.9616208165648874,0.24168658000735266,0.8059226579889052,0.03235328274234926,-0.23951131090502614,-0.9703543667363741,0.20073150349689928,0.9909996281040497,0.13386462227801374,6.123233995736766e-17,1.7083816015069906,1.5122124880310066,0.18185729308725537
