-0.9734137020411915,0.0006633817584126053,-0.22905310432977197,-0.02881951492465462,0.22905305113876953,-0.000156099729760989,-0.9734139280886085,0.00678149260893815,-0.000681500170965532,-0.9999997677787316,6.123233995736766e-17,0.24084940040775726,1.0290507933978998,0.38649806867432696
0.8063991640968246,-0.34454759306368,-0.4806322338940318,0.41944823446594803,-0.4419792356783767,0.18884305517313885,-0.876922263226355,-0.22989534008699042,0.39290551456183503,0.9195788474225032,6.123233995736766e-17,-0.5044736691105869,1.3232124018656997,0.3965904117006214
-0.02160437196297054,0.1236819970456761,0.9920866971786685,0.022685597755170046,-0.17070972464816084,0.9772892123774969,-0.12555471031037035,0.17925316935394617,-0.985084484205611,-0.17207137756572208,6.123233995736766e-17,-0.04936851693560862,1.0337105546753038,0.38478351020627943
-0.6698681567355552,-0.07253199928927956,0.7389287933697058,0.0005071475420211913,-0.7346348649590346,-0.07954481037396731,-0.6737835248276635,0.000556181484820284,0.1076488168923861,-0.9941889821465885,6.123233995736766e-17,0.20810316793571476,1.0211949868001569,0.3853934687483516
-0.40627916733576563,-0.36604430661606174,-0.8372268532380716,0.10397324452629142,-0.6220065115656681,-0.5604076224970819,0.5468557362020412,0.15918127318232678,-0.6693617390909532,0.742936647528667,6.123233995736766e-17,-0.30965613564631134,1.0809450515050611,0.39084500667242333
-0.40590307780909685,0.0908665235576757,0.9093876875797499,-0.06474607479187416,0.8874231391952746,-0.1986608626339094,0.4159495566512307,0.1415539030955565,0.21845563267150303,0.9758468817156171,6.123233995736766e-17,-0.35363787536047053,1.0823258555020998,0.39168043120358353
0.4970239537863284,0.2582891061996177,-0.828404446500143,-0.0474687578799205,-0.7350732045159033,-0.3819964803292422,-0.5601304071542552,0.07020388394436072,-0.46112316507124923,0.8873361407238372,6.123233995736766e-17,-0.22648195440420718,1.0320933970815658,0.38646990140426707
0.904121654829616,0.2551641808079525,-0.34271748438146976,0.5068721026158765,0.329833505592181,0.0930866944817339,0.9394385162953651,0.1849125077356768,0.2716134971921114,-0.9624064152649185,6.123233995736766e-17,-0.6345822309186862,1.4253136762569767,0.3916896821463899
-0.1888870487615092,-0.06765696074416659,0.9796653604537774,0.006061831294955133,-0.9222863948082437,-0.3303513651018293,-0.20063843481987806,0.029598347624240406,0.33720837587726044,-0.9414300352326881,6.123233995736766e-17,0.573662116150012,1.1419128887503667,0.39670105124016414
0.13620330683279863,-0.3996068711779232,-0.9065114493017732,0.16323541659871793,-0.2924570015093404,0.8580395736697504,-0.4221812315638851,-0.35050059788337784,0.9465292185009273,0.3226181001184277,6.123233995736766e-17,-0.05141877912298254,1.1479240040476735,0.39181187780965054
-0.05471425360806433,0.24424070226454575,-0.9681698352094192,0.10600270316577048,0.21164172728494574,-0.9447542585674217,-0.25029416731231685,-0.41003200656968214,-0.9758145980276977,-0.21859979477584818,6.123233995736766e-17,-0.2092039873258873,1.1949200384403624,0.39451158353586685
-0.2440958093632851,-0.05069856853579821,0.9684249537262574,-0.025592912031201398,0.9481888984368342,0.19693832506865375,0.24930525265283973,0.09941553331028086,-0.20335940777949213,0.9791041575172552,6.123233995736766e-17,0.27813852420903823,1.0475744926780586,0.38838371208353306
-0.49952169918942996,0.6609664642003897,0.5600012546783618,-0.297336129364996,0.33764099068062564,-0.44676612075396355,0.8284917590167451,0.20097798643551756,0.7977948567464636,0.6029289896404797,6.123233995736766e-17,-0.17197017594211017,1.1403929574779268,0.39209288013766924
-0.1913333459070475,0.9055157858314782,0.37872511450128893,-0.536046183913365,-0.07829500018248371,0.3705436618003866,-0.9255092045171596,-0.21935400684262363,-0.9783973853657004,-0.20673305567702777,6.123233995736766e-17,-0.05034813238734426,1.322384920390792,0.3967836125680757
0.6903684807991578,-0.2823203372652799,0.666098031738183,0.3408488441984713,0.6165372774675191,-0.2521276926051977,-0.7458642048754709,0.3043968898852608,0.3785143936655546,0.9255954050166831,6.123233995736766e-17,-0.5048906108881448,1.305541454916457,0.39678897676452385
-0.9207079083552712,-0.01457515467522419,-0.38998014354355914,-0.3880145887431925,0.3899312880415541,0.006172759877850426,-0.9208232662361139,0.16432902008827496,0.01582839531716064,-0.9998747231036915,6.123233995736766e-17,0.8315130426748271,1.4066019016148248,0.38458250467249067
0.9770933550158682,0.168565423085369,-0.1299010150995177,0.006282343566960669,0.1280100520597702,0.02208393750081833,0.9915269669938962,0.0008230565922238975,0.17000588859062937,-0.9854430464742803,6.123233995736766e-17,0.37335152595098053,1.0651839130183771,0.3912115671133318
0.23720870854648332,-0.1976015383131103,-0.9511496520768968,-0.031559047659757505,-0.7308030672021547,0.6087795476310983,-0.30873020479700086,0.09722850804699801,0.6400460183124588,0.7683365762752464,6.123233995736766e-17,0.14798138473850508,1.0212105011373558,0.3845764337754178
0.1195503215091819,-0.2773856735139546,0.9532916178988783,-0.09350325320548047,0.3773076123930518,-0.8754449579422544,-0.3020514711828747,-0.2951015837730992,0.9183390911081297,0.3957945347559693,6.123233995736766e-17,0.2094850530914909,1.1151593592845654,0.39122520838408487
0.333769334615391,-0.09844163523261683,0.9375005470521751,0.03046569432288415,-0.8992054653295359,0.26521087241027763,0.34798379887125835,-0.08207739896705657,-0.2828914321641646,-0.9591519366649415,6.123233995736766e-17,0.20732140421206618,1.0286174639950436,0.38592211792169195
0.1928250654226694,-0.3201848388023921,0.9275236725527977,-0.17382404293203033,-0.47850947373766284,0.7945620470983586,0.3737644135738053,0.4313570495829335,-0.8566488065059381,-0.5159000119324982,6.123233995736766e-17,-0.6624547255374533,1.372079370317374,0.3929273247883014
0.041969025515951164,-0.06063637755620375,0.9972772085103033,0.025066340861038792,0.5675686696406348,-0.8200168509588464,-0.07374394474054836,0.33898499096318657,0.8222556817314195,0.5691182599955817,6.123233995736766e-17,-0.15112184065839906,1.124528310201593,0.3911600788709581
-0.5350186516565323,-0.7124868679885265,-0.4540016578422661,-0.5204799302531737,-0.27261405855218623,-0.3630414306979731,0.8910008387630586,-0.2652059806549814,-0.7996478083877496,0.6004693019136521,6.123233995736766e-17,0.20021905573058107,1.3431003699216535,0.39705178121067636
-0.04552188470320715,-0.03998974052837527,0.9981626013158083,0.01487879597050095,0.7499018322925696,0.6587684119550573,0.060592254739849916,-0.24510488599782965,-0.6599810602868198,0.7512822372868171,6.123233995736766e-17,-0.5805242271563523,1.1998825133799143,0.3970772657987342
0.05461030021504828,0.03160120024703568,0.9980075547075629,0.029202763716865202,0.8638068169127747,0.4998568418141229,-0.0630945381679821,0.4619192033734718,-0.5008547675378985,0.8655313407581251,6.123233995736766e-17,0.41448167507365696,1.2797266137508538,0.39706326051831903
-0.09896697140804693,-0.003536647510292359,0.9950844339525701,-0.010962813026118498,-0.994449662749459,-0.03553728960112497,-0.09903014341751322,-0.1101576168443047,0.03571283841710541,-0.9993620931235053,6.123233995736766e-17,0.49427891397913937,1.1204049874342985,0.39542428219887343
0.04751826523319682,-0.34719122195172425,-0.9365897019874263,0.28096824165353795,0.12700220155764433,-0.9279389584818645,0.35042792430270725,0.7509446121962071,-0.9907635718317155,-0.13560068116075583,6.123233995736766e-17,-0.2449774250604838,1.6108009706866842,0.39138033326861116
-0.1451670053078542,0.4827175469292971,-0.8636609927839229,0.236855227113284,0.2487240046566833,-0.8270711456483375,-0.5040730994047279,-0.40581935603445873,-0.9576340167712776,-0.28798800308781675,6.123233995736766e-17,-0.30522923221561893,1.2545835139073949,0.39650302302594254
0.6689891468332997,-0.6387810367796248,-0.38001619501016204,-0.2523381482255068,-0.2748456787941629,0.26243506114499515,-0.9249798330396174,0.10366991746128185,0.6905891501228714,0.7232472784135247,6.123233995736766e-17,0.7793695464444024,1.2969690987528524,0.3920869761884641
-0.4035968221598502,0.3628809794192074,0.8398970174481077,0.1391451139902921,-0.6245645182384948,0.5615569093829618,-0.5427457969268606,0.21532652467260305,-0.6686020996826042,-0.7436203549527224,6.123233995736766e-17,-0.6723739403079766,1.2434372337440847,0.39612161082284153
-0.12454860979973606,-0.15608786144468462,-0.9798592875033527,0.06864380933340702,-0.6111502870951531,-0.765910928169908,0.1996892002423315,0.3368298036314621,-0.7816539965870225,0.6237122971527297,6.123233995736766e-17,-0.5286511571257975,1.2323116516883403,0.3970773899468396
0.12971566502622334,-0.2946329257669436,-0.9467656971504699,0.06671757385621954,-0.38148925733433053,0.8665051828115721,-0.3219234609331614,-0.19621406324681112,0.9152266346568512,0.40293945849804097,6.123233995736766e-17,-0.06543862064934547,1.044811765894791,0.3856780737374997
0.1571240144700363,0.19822048762468777,0.9674816186174551,0.1605363875327284,0.6009875665614292,0.7581784929693156,-0.25294133240209904,0.614039637500835,-0.7836619098280786,0.6211875812382348,6.123233995736766e-17,0.21624708560814299,1.4009315368474098,0.39690166483282235
0.18387259861708202,0.6817464026489861,0.7081050133652266,0.21134025659507671,0.18439285192269092,0.6836753514006367,-0.7061071377964057,0.21193822751585983,-0.9654999449184956,0.2604032572038644,6.123233995736766e-17,0.033743158659725325,1.0891229296555018,0.3885554890646983
-0.4522998059810899,-0.06969581634514053,0.8891385598957301,-0.038054133466647655,0.8787668837595354,0.13541101395753558,0.4576380898773037,0.0739348366690511,-0.15229461420885326,0.9883351407710729,6.123233995736766e-17,0.2727299718790551,1.042645204693597,0.38797377643890457
-0.20962913406449005,0.08047207626245541,-0.9744638890658708,-0.08599681214502342,0.9097360703780701,-0.34922793895455817,-0.22454426936935706,0.3732038597353877,-0.35837955913310543,-0.9335759699111588,6.123233995736766e-17,0.47639480314671306,1.238987160387912,0.39702569855760383
0.9292198680232853,0.3497925060450367,0.11914545558065275,-0.04364005941186133,0.11150660722726748,0.04197518469506955,-0.9928768102914272,-0.005236817605465932,-0.3523020201694169,0.9358863641407261,6.123233995736766e-17,-0.5520882417894405,1.1338831447174755,0.3963995624501226
-0.08670850582421791,0.13824514496379414,0.9865951119439378,-0.11845508987416874,-0.5242209641285438,0.835800392246744,-0.1631872699947177,-0.7161539785457386,-0.8471564293481291,-0.5313435651385349,6.123233995736766e-17,0.13373799533675435,1.4984864765058956,0.39565556867299556
-0.6678461477268236,-0.6198633810901769,0.41200838796060446,-0.3807769666278411,0.3019800685347316,0.28028369549022075,0.9111800525966886,0.17217596428475176,-0.6802863817350753,0.7329464092454504,6.123233995736766e-17,0.26878799879735693,1.2028025639718198,0.3951823211540384
0.037794076333677165,0.8494785938269876,0.526267732645474,0.4010374348225066,-0.023390991642712522,-0.5257476466269523,0.850318924625456,-0.24820459173357945,0.9990117463293686,-0.0444469424814044,6.123233995736766e-17,0.09484743176705435,1.2202374533110287,0.3947587087668839
-0.2560915777620659,-0.8699553564801192,0.42141995862901904,0.5512559653639005,0.11900561888567067,0.4042677877404068,0.9068656011058727,-0.25616835155547335,-0.9592991016742245,0.2823919855927674,6.123233995736766e-17,-0.503849393680144,1.4457418323386488,0.39383968484243753
0.5202520284705067,-0.8271703110061498,0.21243140884133,-0.399566045868349,-0.1130992508872427,0.17982119705712343,0.9771759803319399,0.08686293948827888,-0.8464906297892892,-0.5324036191452237,6.123233995736766e-17,-0.5089260692385955,1.2695106675000503,0.39702792492669997
0.06819351443990622,0.0522577643878561,0.996302549755604,0.06975151723033891,0.7908060163701706,0.6060071081449947,-0.08591408121188504,0.8088733940425953,-0.6082561048284482,0.7937408336093867,6.123233995736766e-17,0.39157945289659446,1.6532836970945841,0.38711836321924414
-0.07340884154167725,-0.0783178529875674,-0.99422203550662,-0.06314889467624939,-0.679919607082339,-0.725387333630747,0.10734311395275103,-0.5848910125026681,-0.7296029535908601,0.6838709893770121,6.123233995736766e-17,0.2658187157043844,1.3596373192591835,0.39705732168855523
-0.5640875230534114,-0.08074848815975273,0.8217572317876987,-0.030938352587982942,0.8134648995841249,0.11644657633426068,0.569837741821844,0.04461588468585698,-0.14170435236807843,0.9899090243653421,6.123233995736766e-17,0.21131569567733843,1.0247546052214964,0.3857045838420753
0.8608425347939132,-0.05090850692120462,0.5063185303864003,0.11760807701316345,-0.5054354712496942,0.029890443543774774,0.8623465346294121,-0.06905245898676388,-0.05903485997433997,-0.9982559217494329,6.123233995736766e-17,-0.5661565488969162,1.155315222545086,0.39679449084500196
-0.2838152352655023,-0.5478707251348066,-0.7869476353426883,0.21015237034489326,0.3619782257872886,0.6987548531690748,-0.6170197883605932,-0.26802853656279385,0.887930558257274,-0.4599775252258807,6.123233995736766e-17,0.2886914707465381,1.1521228350358708,0.39372636166523073
-0.9435238955346671,-0.04698673568395675,-0.3279556452096117,-0.428500216347638,-0.32754974152030547,-0.01631171526338683,0.9446931220111361,-0.14875631212978319,-0.0497375651300686,0.998762321383287,6.123233995736766e-17,0.7885842820643324,1.413207966676503,0.3864601284451832
0.4560523451248363,-0.8299521108364399,0.3212409566420119,0.44514422740190007,-0.1547023017844628,0.28153676500035296,0.9469974909025498,-0.15100204470232417,-0.8764037062499942,-0.48157714197340573,6.123233995736766e-17,0.12352995208203166,1.2216099794483664,0.3948948194910813
-0.37424681699935264,0.5194516972579889,-0.7681856899094435,0.2447341422905565,0.4490454201694343,-0.6232715819019056,-0.6402271048763497,-0.2936477767153841,-0.8113553664028538,-0.5845532220502173,6.123233995736766e-17,-0.5558766249437017,1.2682269754877524,0.39686077720061086
0.018344844028697987,-0.00437812451966336,-0.9998221335433883,0.0024025187213437514,0.9725099610753262,-0.2320962609188712,0.018860044452411392,0.12736403670271845,-0.2321375504024078,-0.972682968748384,6.123233995736766e-17,0.3021603148190105,1.059510740714583,0.38953727253521614
-0.24455269192919465,-0.11920710815443991,0.9622804405346915,0.01720944962000598,-0.8649883587302857,-0.4216382163617603,-0.27205946733087594,0.06087020945886967,0.4381656309334073,-0.8988942539969477,6.123233995736766e-17,0.16564683715524714,1.0175063942372111,0.38450726984365735
0.21283605612915682,-0.3314736516733859,0.9191441842593018,-0.15742688971068267,-0.4966145194277016,0.7734339341865538,0.39392127201041427,0.3673272311117514,-0.8414718250214795,-0.5403009973107773,6.123233995736766e-17,-0.5001362092225567,1.2594912776253135,0.39707068832358444
0.32536136519092324,0.16299368459319916,-0.9314360100532035,-0.0037791384649830118,0.8327809889416465,0.41719164095317735,0.3639051513460184,-0.00967292065045644,0.4479015589373095,-0.8940828784299182,6.123233995736766e-17,0.8744433963531921,1.2722890928773076,0.3890875283214728
-0.14254395745833776,-0.42569361339321043,-0.8935693412983391,-0.3905542804000415,-0.28372858349141716,-0.8473277161867784,0.44892519676629034,-0.7773841468292413,-0.9482506583715455,0.31752273760776634,6.123233995736766e-17,-0.11470697955203257,1.6879713812928008,0.38887880439503064
-0.26144400524070993,-0.6770346504355191,0.6879470286536239,-0.579859451062064,0.24782214949537637,0.6417595316415965,0.7257609012385897,0.5496473917430393,-0.9328618409728135,0.36023434824682254,6.123233995736766e-17,-0.03424449916122363,1.5870075870471962,0.3933877936938368
-0.6734178210281766,-0.6218771213804818,-0.39972150833447534,0.22111602555160703,-0.29366008040631936,-0.27118451541513583,0.9166366323548345,0.09642297517976411,-0.6784336338194153,0.7346616939126358,6.123233995736766e-17,-0.8967096221181756,1.331895674722215,0.38489390918858357
0.08462066749974057,-0.09510934603004646,-0.9918636775936677,-0.04239653297083146,0.6593022419073173,-0.7410223402473236,0.12730453672342068,-0.33032272212757396,-0.7471009948111992,-0.664710541177223,6.123233995736766e-17,-0.8142505394377886,1.3432487332997256,0.3887226978834289
-0.8182771938015281,0.5046156968150088,0.27529154115627946,0.06416466805059506,-0.23431867854591895,0.14449979071505203,-0.9613607893854421,0.018373945089565386,-0.5248973147090683,-0.8511655591077504,6.123233995736766e-17,-0.9216879375962201,1.2957996432774797,0.38527664678465817
0.4384124519320758,-0.4407904259071694,-0.7832613372428653,-0.09490834059681963,0.5523493900206793,-0.5553453644024275,0.6216925909004533,-0.11957362024163065,-0.7090166946798142,-0.7051916949775509,6.123233995736766e-17,-0.1951213740780534,1.0417052928871762,0.3866687603075231
-0.03346676687107673,0.09270189323166006,-0.9951313152074267,0.06015282563353563,-0.3379111945246735,0.9360033969603802,0.09855792963296814,0.6073581365706753,0.9405827981257712,0.33956442668497344,6.123233995736766e-17,0.6280107846795542,1.4910632904782866,0.3890027922083024
0.34840832534734095,-0.930794762206574,-0.11060176073403565,-0.35078519113609213,-0.038772450785867905,0.10358304174683383,-0.9938648049521278,0.039036959137461184,0.9365406215902857,0.35055907363992317,6.123233995736766e-17,0.22585495110373754,1.1460211105230576,0.39282349648730375
0.6495858874251565,-0.5686474153339603,-0.5046566078949903,0.15985652648796428,-0.3797175411810277,0.3324046943283331,-0.8633201654704481,-0.09344465197720808,0.6586750061885651,0.7524275621097978,6.123233995736766e-17,-0.1648618696967511,1.0473213364505416,0.38667473210529524
0.15012482935593588,0.004008208872243621,-0.988658924944537,0.022349560992879436,-0.9883067325128235,-0.026386972966103168,-0.15017832775574644,-0.14713236772845217,-0.026689662430937393,0.9996437675088674,6.123233995736766e-17,0.49876173287062453,1.1315050154727861,0.39575008785023336
-0.23182663199122355,0.9231892396190066,0.30655838033119603,0.44627049466081614,0.07466329579401665,-0.2973271477892011,0.9518518579320596,-0.14372820612027049,0.9698875218089884,0.24355326940778071,6.123233995736766e-17,0.2681116040703775,1.2448638453073841,0.3961549589145668
-0.6136195334578086,0.7007070346068102,0.36397901012496836,0.2193963242397724,0.23979269456702063,-0.27382509644632536,0.9314071505998052,-0.08573657274417934,0.7523101300602756,0.6588091288140224,6.123233995736766e-17,0.3049676695803915,1.0983611175402705,0.39164328305639967
0.009864648133199117,0.8332710881486499,0.5527766116369008,-0.3155404813784633,0.006543566403241833,0.5527378801127162,-0.8333294772340811,-0.20930904629654454,-0.9999299327732593,0.01183763253634203,6.123233995736766e-17,-0.0793218993094108,1.1437219366706666,0.3916979990682899
-0.34766606265067224,0.33730910623721827,-0.8748433435366745,-0.06656069478839438,0.6278893576040837,-0.6091845618020526,-0.4844059498701189,0.12020946644527375,-0.6963355968845122,-0.7177163342933544,6.123233995736766e-17,0.1180604371628009,1.0256923703175913,0.38461223918616966
0.3473335913923242,-0.4497809751658244,-0.822834400514095,0.35665507351465187,-0.5029165411053657,0.6512537165744278,-0.5682812238061451,-0.516413443400777,0.7914760444720517,0.6112001889944694,6.123233995736766e-17,-0.2083894182775481,1.3916918291435765,0.396977330245362
0.13376845292839873,-0.45435802346646137,0.8807183360829915,0.29474236908868595,-0.24873793175443537,0.8448634379704918,0.47364038308320666,-0.5480635058758154,-0.9592890295983106,-0.2824261986649456,6.123233995736766e-17,-0.01881489439153794,1.3685179610008777,0.3970663781575444
0.9384154001739204,-0.1971699716821959,0.28372616901382686,0.515778412840137,0.2776634917856884,-0.05833973185267133,-0.9589053451810232,0.15261134362280343,0.205619848375101,0.9786319420263169,6.123233995736766e-17,-0.6920103300264895,1.4455280894861764,0.388951320277946
-0.937344337203009,0.3288199154247067,-0.11516534519351089,0.026714053592142406,-0.10867265549361513,0.03812231212172948,0.9933463360109904,0.00309714053590969,0.3310224274296499,0.9436228868242769,6.123233995736766e-17,0.5720596275315873,1.1410628654031192,0.39667844793326273
-0.032019755542064716,0.042094078958085035,0.9986004324912426,0.015447081847328986,-0.6045745306232844,0.7947908282644763,-0.05288833735619869,0.29166094803814846,-0.7959047506936127,-0.6054218593867736,6.123233995736766e-17,-0.35487315756590787,1.1412523691593637,0.39413355130589284
0.5021694880635516,-0.8646617570033086,0.013632726577680913,-0.38175659689222596,0.006846575578247616,-0.011788792847155762,-0.9999070700650426,-0.005204866992608728,0.8647421174320364,0.50221615897854,6.123233995736766e-17,0.39727079310645497,1.211283176776332,0.39635169277965865
-0.03402411415057512,-0.17731105895335153,0.9835665447894767,-0.09320193179572156,0.1853543337929826,0.9659435381911664,0.1805459829818716,0.5077393609650503,-0.982082547752697,0.18845123878492226,6.123233995736766e-17,-0.03732549953658393,1.2581853563343206,0.39568443283441584
0.5295728440620376,-0.051244483806017954,0.8467151857097518,0.10547118502995984,-0.8427786583243839,0.08155206180380019,0.5320464211781717,-0.1678501169539186,-0.09631581336933251,-0.9953508246316993,6.123233995736766e-17,-0.700144635842867,1.2315678013749054,0.39593018939431085
-0.37470803278713405,-0.6487978252623321,-0.6623105556305625,0.21539923576818298,-0.3312377729196277,-0.5735301298893631,0.7492294227406819,0.19041055141984292,-0.8659534790945996,0.5001245565296298,6.123233995736766e-17,-0.2497908079500346,1.1108535717378119,0.39148146896097685
-0.15588118849967134,0.9670699384941299,0.2011884418471639,0.2950320256634482,-0.032016141676842316,0.1986246606164955,-0.9795525564598923,0.0605960682219627,-0.9872568165092902,-0.15913509435678136,6.123233995736766e-17,-0.09950670985159771,1.0943948855203933,0.3891420972757088
-0.0430166302064179,0.08061472327213648,0.995816667824676,0.02245142294162568,0.46880720661856556,-0.8785616876121669,0.09137376036127028,-0.24468185497954664,0.8822524426422304,0.47077662160712497,6.123233995736766e-17,0.1846513438781514,1.076187847141751,0.3887805643524041
0.37520096328174024,-0.23470945735616455,0.8967361416715783,-0.06651824454053379,-0.7602404698796665,0.475573480901924,0.44256557956982046,0.13478073468348972,-0.5303382553706624,-0.8477861374724183,6.123233995736766e-17,-0.46852252255789506,1.1203477363302556,0.39505627230998963
0.3569082948343802,-0.5976901948846559,0.7179017342346772,0.24054133288787793,-0.36806309750419514,0.616370388867582,0.6961444533879753,-0.24805920552108102,-0.8585720851122708,-0.5126928658231628,6.123233995736766e-17,0.12735782927122452,1.1251896263761947,0.3910239246417353
-0.6935180699828875,0.15649145396989164,-0.7032375924547833,-0.05549420524348647,-0.6859900238752251,0.1547927601190313,0.7109549131684794,-0.05489182305063123,0.22011445602431182,0.9754740520634678,6.123233995736766e-17,0.6612953814267581,1.184376310816803,0.3969423222533383
-0.8048024124945014,-0.16837534380406396,-0.5691597494920857,-0.36911477474413984,-0.5570981733786088,-0.11655233013591422,0.8222269635314243,-0.25550764210516314,-0.204779642692451,0.9788081006707863,6.123233995736766e-17,0.6432884169334911,1.351720996208666,0.3940545140364381
-0.19136166575213173,0.954956691343841,0.22680042005735634,-0.2788360980020597,-0.044562139578311476,0.22237950952009128,-0.973941255652417,-0.06493219564013483,-0.9805074852324037,-0.19648173300138486,6.123233995736766e-17,0.015450990065934644,1.0812401855120939,0.38803083092688584
0.23034828440654026,-0.432264919161125,0.8718295174709272,0.27896729822511535,0.41000522891367647,-0.7694039379916335,-0.48980944505635077,0.49654396716214794,0.8825165041711159,0.4702814262392176,6.123233995736766e-17,-0.11254492020311424,1.3164884219955915,0.3967743407552151
0.2065353753760262,0.15545602864157648,0.9660106427349925,0.1802620954894149,-0.7718127543984419,-0.5809316948016899,0.2585022980995076,-0.6736307723556674,0.6013719405377794,-0.798969204121051,6.123233995736766e-17,-0.39344965812509247,1.5120779194041034,0.39334299807886214
-0.2957368635994748,-0.04886938113340506,0.954018601022005,-0.046284763752122704,-0.9412540721911596,-0.15553862118310874,-0.2997474085025864,-0.1473124514537818,0.16303520813586433,-0.9866202516207009,6.123233995736766e-17,-0.3914288148112085,1.0941207697525939,0.392883085189356
-0.6227313608840036,0.013191004651353984,0.7823245167881707,-0.03779077378692308,-0.7821490620516959,0.01656786949179813,-0.6228710544182923,-0.047465119196326344,-0.021177745470405893,-0.9997757263990713,6.123233995736766e-17,-0.3648112910927895,1.0659546348225641,0.39108104032689744
0.3028885350702093,-0.6724680171138686,0.6753112625167482,-0.26602127628630523,-0.2773354978955738,0.6157355949504452,0.7375328458570748,0.2435785266437273,-0.9117804324123417,-0.4106780284723828,6.123233995736766e-17,-0.2753920246136424,1.1622592240298728,0.3939556847082464
-0.179428512126254,0.05981682426703909,0.9819507913183658,-0.11161821774720508,0.9315489131584546,-0.310554309202218,0.18913657348391166,0.5794944638337589,0.31626259884700353,0.9486716863965844,6.123233995736766e-17,-0.617257314538304,1.4670618054395563,0.3904399944608286
0.6186872684211171,-0.37244591135473415,0.6917442497113786,0.1273541227276988,0.5926438592999003,-0.356767940043494,-0.7221425710974544,0.12199319857301977,0.5157512190269031,0.8567383965203518,6.123233995736766e-17,-0.2171059945559073,1.0536570957272322,0.38778003602616384
-0.20867475518434192,-0.37734988386676394,0.9022537956110214,-0.10558689074681833,0.43663088242802633,0.7895665799694271,0.4312053899309531,0.22092992148900925,-0.8751047474781964,0.4839335501296867,6.123233995736766e-17,0.09589782082720999,1.0639514951410034,0.3871906878264095
-0.3844015276593877,-0.2007352179685506,-0.901077598101433,-0.05353010261147251,0.7987300965368793,0.41709839449035874,-0.4336578861265554,0.11122771620298033,0.46288842977473144,-0.8864165508273655,6.123233995736766e-17,-0.18353602607605457,1.031647998037467,0.3857992295424181
0.027913271516852065,0.13656144456369285,-0.9902382648291793,-0.07529199476526177,-0.1983053348285807,-0.9701787543078998,-0.13938500230690554,0.534899831530775,-0.9797427435055343,0.20026022208179298,6.123233995736766e-17,-0.3076126541362312,1.3201243639887497,0.3970640737740002
-0.8697316963896576,0.1665577263801991,-0.46457001633578004,0.005244907399147181,-0.4562785589286199,0.08737949839778691,0.885536391077054,0.002751582815402831,0.1880868229227931,0.9821524052013566,6.123233995736766e-17,0.34205848197948835,1.0552978794493053,0.39006195626714346
0.34423142587583166,-0.735554619307202,0.5834930397659677,0.5247038530571488,0.24732441167349736,-0.528483455602621,-0.8121181395244604,0.3769907742443795,0.9057236669259837,0.4238686579238311,6.123233995736766e-17,-0.06927189072795792,1.3974087117200642,0.39704180704253667
0.15858738297245126,0.3835648490409943,-0.9097956081132225,0.3173252938503547,-0.3476203413868833,-0.8407664044169315,-0.415056564166731,-0.6955706369031603,-0.9241266905657557,0.3820861941813446,6.123233995736766e-17,-0.00015003095781174203,1.5412152132114754,0.3948195897464784
0.8290720939542263,-0.42080567281394393,0.36818751846573883,-0.017708469737649724,-0.3283178132386611,0.16664171825849136,0.929751553505581,0.007012666452610394,-0.4526001287411863,-0.8917135882465074,6.123233995736766e-17,-0.8655361363061485,1.2687221492109342,0.38968073139739845
0.09966806281263671,0.24098194602851258,0.9653983524656997,0.14226832876722606,-0.3689681577023133,-0.8921078844765628,0.2607796408014104,-0.526673055372909,0.9240826672202749,-0.38219265317776957,6.123233995736766e-17,-0.06248430090267276,1.2881775661294048,0.3963193889515218
-0.6985744015841177,-0.3519652737749737,-0.6229881632165251,0.08258839037023513,-0.5563617871249065,-0.2803137765702571,0.782231262793875,0.06577541970899226,-0.44995040535438147,0.8930535441514287,6.123233995736766e-17,-0.3977011150338867,1.0840209422161053,0.39256485664705787
-0.489339011843514,-0.35236094250826816,-0.7977399937841265,-0.21636177440386833,-0.6473702804649697,-0.4661553578512262,0.6030015773754673,-0.2862354710899744,-0.5843449764126665,0.8115053595271446,6.123233995736766e-17,0.3073192413831948,1.169020479980058,0.3945133927403279
-0.3367784947335021,0.6695173114532303,-0.6620625462518437,0.38236995786576256,-0.29750997140478336,0.591451293061567,0.7494485871962968,0.3377854495154458,0.893346552240373,0.4493683762796827,6.123233995736766e-17,0.6118767824925861,1.390429548570923,0.39352538062348574
0.7180047687559231,-0.6608600458432117,0.21847917944706216,-0.23599843151337896,-0.16075261710638233,0.14795860213353737,0.975841610174591,0.05283720547498674,-0.6772206052219631,-0.7357800295351851,6.123233995736766e-17,-0.8875947518407654,1.3284439157644452,0.3856249444331446
0.222471382737015,0.6676154267865675,0.7104900602961802,0.526186058519035,0.22461571803367794,0.6740503727407063,-0.7037072361574308,0.531257808979759,-0.9487118967712462,0.31614195691920444,6.123233995736766e-17,-0.04664315007017694,1.520332560265256,0.39532965139124526
0.24460342845394473,-0.6530481870283699,0.7167267458435852,-0.20306865114703737,-0.25139855592611754,0.6711899837496071,0.6973541222309256,0.20870993499521584,-0.936465658135331,-0.3507592780428785,6.123233995736766e-17,-0.16972588107415287,1.0975124045515727,0.3898749726251499
-0.4952561481939,-0.2715630501947097,-0.8252120075744701,-0.08975204463846942,0.7235740093191351,0.3967562355942496,-0.5648231073131771,0.13112860288656425,0.4807930955348403,-0.8768340773977856,6.123233995736766e-17,-0.2153210203949062,1.047548174601023,0.3873523449648146
0.0595103147870876,-0.7833601498202634,0.6187126943157998,-0.32953607356373615,-0.0468673302087099,0.6169350463919391,0.7856173380803683,0.2595260339430176,-0.9971268604310334,-0.07574974724017576,6.123233995736766e-17,-0.12835415476230272,1.1795513532947508,0.39347572025887767
-0.14408612015598588,0.9702063876200381,-0.19477873446470279,-0.41987275603039204,0.02861292964008683,-0.19266565770028304,-0.9808472075712551,0.0833792291240891,-0.9891513990465799,-0.14689965882939873,6.123233995736766e-17,-0.029493968546556948,1.1794367478360193,0.3931615523190338
-0.4795994692815253,0.7794301635329913,-0.4030793584888883,-0.6857047490570529,0.21123692474160993,-0.34329569013537176,-0.9151650292489253,0.30201485145202367,-0.8516826349589305,-0.5240579064468098,6.123233995736766e-17,0.12262736789991846,1.5270082703058248,0.3950034393131384
-0.19487339514102006,-0.5006335993260123,-0.8434396001446065,0.10045749137383644,-0.3059504681131788,-0.7859927926854168,0.5372240137111393,0.1577178685118074,-0.9318898384077051,0.36274140799261023,6.123233995736766e-17,-0.09655078084977708,1.039373093845596,0.38546499542934803
0.684969006127092,-0.39653033923493797,-0.6112128522139312,-0.10613706124436406,-0.5289699361905786,0.3062220718988493,-0.7914662654140802,0.08196475170654627,0.5010072526938097,0.8654430846382684,6.123233995736766e-17,0.5311734140689655,1.140431865218497,0.3962970030997733
0.30988546966643676,0.7767227362220874,-0.5483363809973631,-0.3657077137923131,0.20319268074773938,0.5092990489052897,0.8362578629075571,-0.239795466420462,0.9288076927869187,-0.3705620998157272,6.123233995736766e-17,0.3394560558734748,1.2362675424925158,0.39639568566735534
0.14592854909253747,-0.42110681214411505,0.8951949013067311,-0.128023935970471,-0.2931161307261166,0.8458468213770849,0.44567486879386875,0.25715242826265844,-0.9448744850338043,-0.32743275268687305,6.123233995736766e-17,-0.15610674424047088,1.0932211410725248,0.38950109186881543
0.8243138595782139,-0.4777748633706164,-0.3037068337039149,-0.123937570287867,-0.2627611346502406,0.1522971666045549,-0.9527655321019661,0.03950676822454169,0.5014611121757965,0.865180185265135,6.123233995736766e-17,0.5986894035760582,1.1673924217976446,0.39703232623407797
0.20527833202802365,0.077059354099643,-0.9756652409231039,-0.013889440464274178,0.9134267760167872,0.3428909260991263,0.21926545020696186,-0.061803828483111056,0.3514432119921662,-0.9362092013778915,6.123233995736766e-17,0.32159768389284416,1.053083160718351,0.3895321722938908
-0.3509272899586026,-0.03894370360263751,-0.935592552937453,-0.11354667941924729,-0.929884235216664,-0.10319270423601139,0.3530815414149814,-0.3008750535349184,-0.11029662849711683,0.9938987140258152,6.123233995736766e-17,-0.8505654277180645,1.351740850256394,0.3864920645083766
-0.9255671391380326,-0.275807381754303,-0.25933715336926566,-0.19505533716529921,0.24853718701536537,0.07406095994627203,-0.9657868506468319,0.05237708077724587,0.2855779011378981,-0.9583554989572881,6.123233995736766e-17,-0.3685426687108108,1.1029467198869685,0.3928651146312935
0.3072809943182274,0.21838275885827718,0.9262220906263513,0.27769151978719714,-0.7549783231610102,-0.5365585641113542,0.3769783002186611,-0.6822780511698389,0.5792979562261468,-0.8151158677833534,6.123233995736766e-17,-0.4176168512922225,1.5653851323187693,0.3908838179111731
0.2735257930957916,-0.26576105869060035,-0.9244212785277984,-0.055446585459303255,0.6630073973406341,-0.6441862240583605,0.38137291435684123,-0.13439864628753084,-0.6968535223294181,-0.7172134747877253,6.123233995736766e-17,-0.1909673931134842,1.0388039632805743,0.3864098374877869
0.3897416292449677,-0.38273790682128583,0.8376235175277368,-0.09254160876605155,-0.5976347251675029,0.5868951289536335,0.546247968311518,0.14190446893907704,-0.7006669663309676,-0.7134884738330106,6.123233995736766e-17,-0.2311090266538744,1.0542465290081293,0.3880250443962487
-0.9312652018855241,0.28325133624112575,0.22915890616498097,-0.32970775253158224,-0.2192419570564044,0.06668409511126532,-0.9733890258911231,-0.07762103939386589,-0.29099499656040745,-0.9567245747741657,6.123233995736766e-17,0.4951806522657312,1.2164950063516529,0.39695656625787185
0.6311746359043195,-0.7750636549928659,-0.02991504136967714,0.20015168604921008,0.018890069689761847,-0.023196442987351212,0.999552444997185,0.005990226924400752,-0.7754106939281696,-0.6314572477546159,6.123233995736766e-17,0.12683805822105265,1.0477180163670274,0.3863112780177458
0.9957796120109274,0.08148487697647205,-0.042227705685913344,0.031150047388903923,0.04208702948338046,0.0034439913996962184,0.9991080126155049,0.0013165693965333791,0.0815576253493931,-0.9966686278534946,6.123233995736766e-17,0.3419948973390839,1.0561907319500194,0.390110117665881
-0.11974648061787885,0.2711982448144639,0.9550457017280305,-0.21182104873659516,-0.38576501961628523,0.87366906894409,-0.2964586102828081,-0.6823845728023381,-0.9147929437966162,-0.40392309909179613,6.123233995736766e-17,0.035753801278794684,1.4780656557563108,0.39621383527026616
-0.7287409535700619,-0.4621246586570754,0.5053488126540701,-0.4888129323112824,0.4267724008726187,0.2706339599981852,0.8629151624285678,0.2862634077007649,-0.5355389252362688,0.8445105443727641,6.123233995736766e-17,0.4250295353393836,1.3785106997626313,0.3963609355012272
0.4965773953895335,-0.8565529575464624,-0.1404561187935756,0.8463061848167723,0.07044566826589808,-0.12151267065259516,0.9900869046166831,0.1200590387329514,-0.8651290644815477,-0.5015493014542858,6.123233995736766e-17,0.07040729895744602,1.6642123195968377,0.3902061531714759
0.6328422225335482,-0.7274966949164857,-0.2650646718527174,0.13913035356086279,-0.1739667977322085,0.1999870834608816,-0.9642306361735304,-0.03824659798999139,0.7544841116058043,0.65631831098515,6.123233995736766e-17,-0.10448539764200981,1.0261388935091877,0.3845299302249745
0.924770804995914,-0.022637998658936117,0.3798506012156979,0.2278697655821933,-0.3797368396589638,0.009295797424083157,0.9250478478198156,-0.09356971929535912,-0.024472246178714005,-0.9997005097362752,6.123233995736766e-17,-0.6820719119989438,1.2430425547991963,0.39599084832120085
-0.29839309372672257,0.61066066695402,-0.7335224001020466,-0.5932286079428203,-0.3220379585969012,0.6590498195692094,0.6796652768448106,-0.6402364327444838,0.898472656700768,0.43902948097031486,6.123233995736766e-17,-0.002538858545890421,1.6877196967081536,0.3892029317803673
-0.3412357804125638,0.42010977822362594,-0.8408721165594233,0.18476300154588393,-0.5301509714343036,0.6526912469877227,0.5412338529627241,0.2870516234734849,0.7762075042496643,0.6304775256474312,6.123233995736766e-17,0.5406120877955101,1.2354454568062903,0.39707212246461043
-0.444611425286294,0.013459835697882356,0.8956224167180477,-0.015255598651905122,0.8952122930328693,-0.027100991323351975,0.4448151151569872,0.030716708285143834,0.030259393710422966,0.9995420797006386,6.123233995736766e-17,0.29160391362004107,1.0419340465678433,0.3882798341506087
-0.18944963200407,0.24394137394399365,-0.9511053795515191,0.09680699859771497,-0.5833799532553026,0.7511785893858265,0.3088665682591123,0.29810172613852215,0.7897953323952753,0.6133704695586808,6.123233995736766e-17,0.41423283382871745,1.172424189029957,0.39572677279325585
0.6399757366644573,-0.7041258169695928,-0.30763271990750435,0.3492074011580578,0.2069116179895436,-0.22765208696306347,0.9515051810906292,0.11290282466664991,-0.7400125936913065,-0.672593013031109,6.123233995736766e-17,0.21215132173755047,1.1530125049032145,0.3929885960379032
0.41354489463591426,0.4733285652548982,-0.7777793320951065,0.15589264752458937,0.5117382874254123,0.5857171797183484,0.6285374376802785,0.19290828517344405,0.7530634404241627,-0.6579479118414492,6.123233995736766e-17,-0.15905647999337458,1.0731596410400899,0.3883171575002055
0.5099988238502748,-0.564341206828837,-0.6491688547260319,0.1316671066737906,0.43525645162003157,-0.4816347405134383,0.760644330849637,0.11237076433481152,-0.7419252125345757,-0.6704826463119867,6.123233995736766e-17,0.12560573488150573,1.0375622637197883,0.38557032406706915
0.2430680634595847,-0.631140957942336,-0.7365996251245568,0.5639527352377327,0.26472889606263805,-0.6873846225535559,0.6763290562044206,0.6142089705495744,-0.9331862237064283,-0.35939319955243404,6.123233995736766e-17,-0.05290405022201905,1.6346947035385992,0.3915443019137112
-0.8278205436670212,0.45589435036091125,0.32691510945785307,-0.27409250549212294,0.2863615488967697,-0.1577040015512702,0.9450537081077244,0.0948146974778292,0.48240046724301616,0.8759507915423786,6.123233995736766e-17,-0.32796677262448287,1.1322370778348398,0.3934481895248592
-0.4644299271313894,-0.7745623793277303,-0.4293692621915285,-0.751910243384202,0.2208011585537974,0.36824558611909847,-0.9031290254914314,0.3574762158269162,0.8576431024418218,-0.5142453780385069,6.123233995736766e-17,-0.09034160022303261,1.634750438436333,0.3914338830824419
0.5737590116521767,0.8190200571476464,-0.002596639709964695,0.580212675734283,-0.0014898504563011514,-0.002126707173360918,-0.9999966287254256,-0.001506608353226932,-0.8190228182984496,0.5737609459578656,6.123233995736766e-17,0.180956356454249,1.3359649339718251,0.3970074469791596
-0.16685570743543254,0.9855947006708308,0.027609036669122348,0.4873685748545208,-0.0046084821081427375,0.027221697200135602,-0.9996187978895771,0.013460908181143209,-0.9859705547271076,-0.16691933743913476,6.123233995736766e-17,-0.22988584677649115,1.253479696674343,0.396134741596063
-0.5973056787530532,-0.3467708819677741,0.7231707139732958,0.07414269290299702,0.6254135772988404,0.3630891610595305,0.6906693264155819,-0.07763168583267999,-0.5020794593086055,0.8648214940323686,6.123233995736766e-17,-0.7363537476732697,1.2223359277930148,0.39548250986483996
-0.7899304472583758,0.4119382747840966,-0.4542210323863091,-0.5644049342703148,0.40274715868448663,-0.210027313541971,-0.8908890243671854,0.2877626560842297,-0.4623901109082625,-0.886676595684269,6.123233995736766e-17,0.5050378229210453,1.4731895350600681,0.3928881345859966
0.874615850381508,0.02540387314547245,0.4841505525047352,0.10707679233243761,0.48394645347993515,0.01405658759562025,-0.8749847098717553,0.05924822180696476,-0.029033505224560784,0.99957843893032,6.123233995736766e-17,0.4510864864264823,1.106613228656093,0.3943663832435497
