0.007968626999097896,0.42417060268907275,-0.9055472383029711,0.12376668009961651,0.017008946648922864,0.9053874841922833,0.4242454468840673,0.26417861683913807,0.9998235827973069,-0.018783058386659397,6.123233995736766e-17,1.9618516307440337,1.0749767998580873,0.15227764947845612
-0.8641598602366886,-0.49678246493068273,-0.08021794371025599,-1.3585679950440501,-0.06954524715422933,-0.039979708495172316,0.9967773480105264,-0.10933387598596186,-0.4983885979373565,0.8669537504654075,6.123233995736766e-17,-1.3667073534943215,1.8942371698995495,0.1715110649551294
0.3764503580122929,0.6898909377511685,0.6183329377942193,1.0572635605749414,-0.2961786970298925,-0.5427833834845214,0.7859162665569215,-0.8318200185588495,0.8778173542247223,-0.47899550375959515,6.123233995736766e-17,1.3773989370388837,1.8901793582882995,0.1731718966204745
0.23655936183925874,0.45020668344544745,-0.8610189373685421,0.39044713553974475,0.4004973374948894,0.7622043644369652,0.5085728949646714,0.6610308592328251,0.8852353082574752,-0.465143471430367,6.123233995736766e-17,1.8383569359400793,1.2799813664997428,0.14891652780133335
0.18608523575922303,-0.9741145984130707,-0.1283473185967534,0.9960783982087236,0.02408272248249323,-0.12606766702373665,0.9917292805040212,0.12891017138998406,-0.982238416836903,-0.1876371298270531,6.123233995736766e-17,-1.5592325959588458,1.7251749570989352,0.19629050324079725
0.10381170151834689,0.7355584040098392,-0.6694602041334226,-0.27806385803049927,0.09355589595174986,0.6628908350935538,0.7428479219070592,-0.25059326635972673,0.9901870656398876,-0.1397482559442836,6.123233995736766e-17,1.8479355200830097,1.261364831337494,0.18648375974407072
0.7921045647651901,-0.5971127259475786,-0.12659680481592137,1.7046197178101092,-0.10109126123433326,0.07620569461432838,-0.9919542575191658,-0.21754975903897242,0.6019559081695273,0.7985293260862745,6.123233995736766e-17,0.994070067251413,2.0449836093709415,0.15158385608754593
-0.6882361444889324,0.4368324216157435,-0.5792309080533724,-1.191559486766952,0.4890401004231483,-0.31040010473975577,-0.8151635143673112,0.8466866724957889,-0.5358831865221431,-0.8442921356988196,6.123233995736766e-17,-1.322492710112325,1.8668242182757844,0.15684670588901184
0.4569829201936573,-0.3530331499773764,0.8164154614339005,0.8740724606396414,-0.6460788783714152,0.4991155062614892,0.5774649723850541,-1.2357568084734745,-0.6113498945559829,-0.7913604149983675,6.123233995736766e-17,-1.3029540110858866,1.8242527593000373,0.14699301027522252
0.5317226139281778,-0.7828125900922883,0.3232267170739281,0.4945582839448067,0.1816158087179811,-0.267378399752304,-0.9463215570669469,0.16892191594647013,0.8272162715161615,0.5618836535608597,6.123233995736766e-17,1.8264448127734618,1.3123378472367742,0.1818005661137355
-0.7300059807578272,-0.6068435639388225,0.3143758212137679,-1.480143594873206,0.2417534675407667,0.20096621083119023,0.9492986058328375,0.49017385603798247,-0.6392546667720295,0.768995104672443,6.123233995736766e-17,-1.252101197698149,1.8533834521105337,0.14601027779351428
0.4743731802585428,-0.8763418768573752,0.08363612088977569,0.5335174179512552,-0.03981422729459073,0.07355153310722924,0.9964963619012921,-0.04477821392085725,-0.879423056984709,-0.4760410558383271,6.123233995736766e-17,-1.8776601620777436,1.2316131300808872,0.16365633276812797
0.17561472737834843,0.635686752757513,-0.7517059397772755,0.11965299873612889,-0.20016823018270108,-0.7245650416090761,-0.6594984307059139,-0.13638223485359463,-0.9638942613966294,0.266285284697909,6.123233995736766e-17,-1.9602875731602372,1.075812575379815,0.1577867718636357
-0.059084735386189566,0.09004873696280563,0.9941831918795184,-0.05241091553235239,-0.5454021136248566,0.8312260543734696,-0.10770227938280878,-0.483797108026658,-0.8360894261368714,-0.5485931748592184,6.123233995736766e-17,-1.8341677213691665,1.2965682207113542,0.1825010789477747
0.09566171250859916,-0.01003499545375878,0.9953633184049757,0.18921908158901374,0.9899315236428052,-0.10384466343726613,-0.0961866122380596,1.958086770847498,0.10432840101408646,0.9945429024138898,6.123233995736766e-17,-0.12788364863185964,2.325521884849688,0.15679203338365508
-0.25818821911183465,0.5744788215415284,-0.7767322106827526,-0.7979888470882085,0.3184078112457304,-0.7084697543648699,-0.6298309875576813,0.9841110608141368,-0.912115842012166,-0.40993254414651864,6.123233995736766e-17,-1.4273385759344732,1.858300064807689,0.17886774766184263
-0.5568604689082987,-0.1409231107342144,0.8185640445488808,-0.8871661132410853,-0.7935477688621669,-0.20082089921643823,-0.5744152722306206,-1.264246124622139,0.24533315450853052,-0.9694388290649872,6.123233995736766e-17,1.063465930533768,2.196535509102004,0.18980195433845584
-0.5678407369139277,-0.2650177752730755,0.7793089735723292,-0.804394496256731,-0.7061845322849568,-0.3295844089938633,-0.6266398676350259,-1.0003701992197103,0.42291879109649944,-0.9061675872251641,6.123233995736766e-17,1.3489301907622604,1.9672893614649942,0.1939709688897688
0.4058188657902448,-0.29708766464578107,-0.8643205236971034,0.8245811964616792,-0.697412438384418,0.5105544618067064,-0.5029413805961533,-1.4170686267885784,0.5907003800197015,0.8068909846098048,6.123233995736766e-17,1.144535265975998,1.92236020793722,0.14609578797299314
0.0975031105108789,-0.9457193687371321,0.3100129336594582,0.5852929699797302,-0.03179362274886614,0.30837831406998517,0.9507323392858036,-0.19085118195303896,-0.9947272535691409,-0.10255579460368823,6.123233995736766e-17,-1.853075519635642,1.2747379764856908,0.16359880282475986
0.48349670628106634,0.8420001726704351,-0.23930450108244386,1.227966099889795,-0.11916533835676896,-0.20752413443412826,-0.9709445688409213,-0.3026514842459841,-0.8671969540708021,0.4979653028578628,6.123233995736766e-17,-1.5091456718408227,1.7056839994108313,0.15765814719613797
-0.8207244128201518,0.29529101900999066,-0.48909574961663516,-1.4437181879747087,0.46021436524803006,-0.16558197459992766,-0.8722301002069016,0.8095529255584766,-0.33854715509123656,-0.9409494267917009,6.123233995736766e-17,-1.038433807627844,2.0950438825540307,0.1631249942020623
0.3960934331156337,0.8185523366379899,0.41603132625699923,0.9983448146101619,0.18121430162037455,0.37449090952304526,-0.9093502821096182,0.45674667447235234,-0.9001507480033057,0.4355785013853291,6.123233995736766e-17,-1.649400496083671,1.5381289797340383,0.1530530977767189
-0.4104136298967581,0.06446559748554677,-0.9096179632877741,-0.8257445507623169,0.8986001693428874,-0.14114735134862633,-0.4154457375689413,1.8079667415910199,-0.15517212395240682,-0.9878874490285313,6.123233995736766e-17,-0.13166332877593773,2.260105260928417,0.14901646684628886
-0.09173042040894258,0.8535968803950433,-0.5127942040930735,-0.34742856260129407,-0.05479114078113281,0.5098586339794108,0.8585115632584988,-0.20752120398020468,0.9942753445919801,0.10684820605185315,6.123233995736766e-17,1.9488914914670408,1.0989232367972013,0.14959402273517974
0.5043666280886806,0.2325072234979936,-0.8315976764588202,1.0552902478879607,-0.7552148636595931,-0.3481453794025286,-0.5553785236289673,-1.5801419766810514,-0.41864640710040324,0.9081493191220942,6.123233995736766e-17,-0.292240618667512,2.430222295714476,0.1741569865389515
0.018579447326499212,-0.5528588933803024,0.8330677332290269,0.2051874396398838,0.027980386091514646,-0.8325977096662703,-0.5531709969373401,0.3090093952399106,0.9994357919002158,0.033587168216275484,6.123233995736766e-17,1.9408178361425301,1.1152504258461289,0.15508804203332124
-0.5516904439600236,0.8071456008824628,0.2101276588630827,-1.172333642382541,-0.11857268011371536,0.17347666283950303,-0.9776739574013005,-0.2519651074015058,-0.8255774788436532,-0.564288779284293,6.123233995736766e-17,-1.5982407176444515,1.5674079481298318,0.1466576914927728
-0.858419639753978,0.5127068186813978,-0.0157302308390889,-1.569362100645714,0.013504810009697108,-0.008065994597878696,-0.9998762722645982,0.02468948288708033,-0.5127702625847688,-0.8585258632148174,6.123233995736766e-17,-1.2159314961534493,1.9135019606726436,0.15151067421086756
-0.06406011004183405,-0.9476444974864188,0.31283575352753534,0.20972223113866928,-0.021099326234287744,-0.3121234164839286,-0.949807239030562,0.06907571295909079,0.9977229679294184,-0.0674453798722551,6.123233995736766e-17,1.9552780274242734,1.0857395231107894,0.15813982213978664
-0.5171749586497616,0.836711271669666,0.18012304129829665,-0.786754561932651,0.09470409842492018,-0.15321698257070238,0.9836440870525538,0.14406900454742091,0.8506240038272729,0.5257744802791968,6.123233995736766e-17,1.81233598957839,1.3272215870472384,0.1531987724518003
0.06974298683102571,-0.022091546716483026,-0.9973203494121439,0.14289629172706453,0.9507630074879272,-0.3011603940495371,0.07315818920967891,1.9480167720728794,-0.3019695669772022,-0.9533175654626327,6.123233995736766e-17,-0.3135247824199206,2.28533535258637,0.1542251104260306
-0.5626291160378645,0.7883455492366545,0.2489172006616029,-1.3914776592396296,0.14459936299874013,-0.2026099627500268,0.9685247685086795,0.35761886012932087,0.813965295333167,0.580913503021913,6.123233995736766e-17,1.3312976703828499,1.882745720996141,0.16142902909630968
0.4934070894966526,0.6616381718879059,0.5646099304256632,1.0958518718214314,0.3375293917483111,0.4526127298710095,-0.8253578778110303,0.7496491712745148,-0.8016379193504118,0.5978098746755047,6.123233995736766e-17,-1.4851710725865392,1.6878811341442828,0.14895216667691458
0.129896120778986,-0.9616208165648874,0.24168658000735266,0.8059226579889052,0.03235328274234926,-0.23951131090502614,-0.9703543667363741,0.20073150349689928,0.9909996281040497,0.13386462227801374,6.123233995736766e-17,1.7083816015069906,1.5122124880310066,0.18185729308725537
-0.1768024726739954,0.9749252661888079,0.13513552827825517,-0.3333398302706647,-0.024113485566730104,0.13296672823254022,-0.9908271236683809,-0.04546308128206504,-0.9839509263526226,-0.17843927406772253,6.123233995736766e-17,-1.9713921906511347,1.055301617384994,0.14594016333938106
-0.07182289759314679,0.6090867993410515,-0.7898447583226706,-0.4235053409124642,-0.0924968338338071,0.7844100190464928,0.613306821868306,-0.5454096737785723,0.9931192310654574,0.11710761242530121,6.123233995736766e-17,1.8123807390555025,1.3446124168108768,0.1682720730963164
-0.8573475126262483,0.2859223151478173,0.42802298103501096,-1.3228202630719905,0.4060383846469461,-0.13541234244852288,0.9037678505600333,0.6264855206154301,0.3163669906720417,0.9486368784804418,6.123233995736766e-17,1.173535689841446,2.11442629504368,0.18952962861361505
0.323503710964069,0.9061096698276597,0.2725997344776507,0.04794793133425529,-0.09165835393385174,-0.2567281858141455,0.9621275304047351,-0.013585094426070893,0.9417770941930013,-0.3362378694516534,6.123233995736766e-17,1.8998864712802086,1.1634756380511568,0.18153652156327385
-0.23609630273261487,0.9152394769280006,-0.3264892581824855,-0.7220704797809225,-0.08155187510884922,0.3161400439279724,0.9452009121300351,-0.2494160260254933,0.9683015168335843,0.2497842519010753,6.123233995736766e-17,1.8260023540019144,1.3080408991541455,0.15380871689708278
0.9123202381321543,-0.23758740706169226,-0.33350263432271504,1.8485410282994998,0.3227382354062614,-0.0840478346362545,0.9427491675412975,0.6539314208034006,-0.25201550448601656,-0.9677231967348197,6.123233995736766e-17,-0.13453484222653114,2.3423264880204884,0.15898274171496027
-0.8691253453903629,-0.47794339989910634,0.12724480536731309,-1.4437598098191677,0.11149801461855642,0.06131421718562155,0.9918713422148231,0.1852164975221154,-0.4818602771926761,0.8762480660542409,6.123233995736766e-17,-1.2969435965956795,1.9258854694558944,0.16470394440400882
0.042112560628310265,0.41476309341537243,0.9089544040147658,0.23757359618333257,0.09181771872851767,0.9043050453830991,-0.4168955401802255,0.5179800350829188,-0.9948849374499634,0.10101465851638705,6.123233995736766e-17,-1.8781632988396273,1.230144564384225,0.15996720878265389
0.07393142876585973,-0.24404894023044005,-0.9669406696447501,0.1098920765928201,-0.2803407753272578,0.9254098056007132,-0.2550014536957825,-0.41670004852631537,0.9570492116550489,0.2899255188327675,6.123233995736766e-17,1.9470557674012672,1.1014231539796004,0.1481637973813023
-0.21187852738515195,-0.13720154607912824,0.9676172928315183,-0.2732167105799777,0.8122012908422992,0.525939434289443,0.25242181881407105,1.0473310710214783,-0.5435407554058872,0.8393827775292972,6.123233995736766e-17,-1.5135673600695165,1.7838206040114373,0.19439219202096
0.31545891803346565,0.8343407293269431,0.4520632902806197,1.1140318291036317,0.15987629646352736,0.42284842230809633,-0.8919858640027095,0.5645973938219215,-0.9353743853999111,0.3536591001766228,6.123233995736766e-17,-1.3808877286994559,1.9346861748977542,0.19403167100708707
0.7857711825456826,0.19789266070221648,0.5860052418886345,1.53296439148856,0.5682610218642519,0.14311378183373308,-0.8103072605370404,1.1086228802214382,-0.24421928611507313,0.9697200319109861,6.123233995736766e-17,-0.6311448222876209,2.1638089738794206,0.14810299638986582
-0.33093252946792034,0.9235540394192714,0.19373073378354497,-1.0441457991557619,-0.06534987208728203,0.1823759617671327,-0.9810547399547536,-0.20618944449193644,-0.9413888968742621,-0.3373232053118494,6.123233995736766e-17,-1.628040953440069,1.6031026066675498,0.16630284933114914
-0.6087422970812231,-0.17855587194747335,-0.773013981980503,-0.9997686654831671,-0.7417630484758359,-0.2175734272681021,0.6343889845060731,-1.2182354612701791,-0.28146117966801504,0.9595726154595542,6.123233995736766e-17,-1.0689079518757143,2.159659924031858,0.18030101539097093
0.07950903776213022,-0.15677403389270278,-0.9844288776804294,0.17784858746381899,0.4452696715438546,-0.8779721720045446,0.1757833461646756,0.9959947240396774,-0.8918594241904763,-0.452312687731211,6.123233995736766e-17,-1.7207329064047054,1.4334452444724843,0.14740473191432604
-0.21357495138204866,0.3156798775233177,-0.9245171469848564,-0.5486921732454549,-0.5180602141619728,0.7657320481548813,0.3811404530235295,-1.3309406507697366,0.8282507800446712,0.5603576048876232,6.123233995736766e-17,1.304613922396096,1.9303608487634405,0.16710107334992497
0.5948767291259297,0.3767585149595689,-0.7100526026639827,1.0054566849818638,-0.5998645005338247,-0.37991746412767197,-0.704148635907295,-1.0138869829909962,-0.5350553785765924,0.844816987196789,6.123233995736766e-17,-1.347465055937307,1.8613932274068643,0.1597508370874576
-0.17776135523698305,0.9132844247113274,-0.36648664390944846,-0.8271341410660529,-0.07001884158019232,0.35973576690090026,0.9304233121735446,-0.32580182746504643,0.981579473302126,0.1910542791772038,6.123233995736766e-17,1.697742896800158,1.5259169159186423,0.1762188346115419
-0.6240786275619251,-0.5942172002258409,-0.5073773601336453,-1.4241933012606456,0.3674533546904535,0.34987114442737144,-0.8617239780949658,0.8385555652183718,0.6895679072775616,-0.7242210306618031,6.123233995736766e-17,1.0608888145366313,2.0606006892704936,0.1595264129292296
0.8572451403762739,0.4007635593940912,-0.323294507783602,1.4539066752861132,-0.2928702466384242,-0.13691733782465276,-0.9462983996800156,-0.4967144011961324,-0.4235065382437576,0.9058930467029697,6.123233995736766e-17,-1.1996782804578683,1.9999224045186952,0.16479646292218983
-0.1871583208433488,-0.9709284485858356,-0.1492303945776477,0.012987705596200994,-0.028245995959898244,-0.1465328440249279,0.9888024521279261,0.001960108843387813,-0.9819235849348622,0.1892777677083827,6.123233995736766e-17,-1.9612239266753684,1.0713267997278562,0.16049306252248402
0.7328139302431794,-0.5750605489200508,-0.3637156976503956,1.4259870298877018,-0.28613319037780155,0.22453709288564042,-0.9315100060024508,-0.556788294354249,0.6173423207635815,0.7866946415186994,6.123233995736766e-17,1.2853669225715563,1.8325063071536203,0.14632629636173844
-0.5156917560050991,0.3498871235196862,0.782074813290581,-1.058873056084564,-0.6471751140258885,0.43909610038017355,-0.6231845524533666,-1.3288486442348573,-0.5614502512012579,-0.8275104926380357,6.123233995736766e-17,-1.0516290690386103,1.9784618066792974,0.14658464468760402
0.21166957429979313,0.014114763465896856,-0.9772393589945332,0.3595007017781652,-0.9750738705199345,-0.06502085663323785,-0.2121396597337562,-1.656070514135346,-0.06653524137641853,0.9977840756671665,6.123233995736766e-17,-0.7837447847687367,2.3676995549285573,0.19238535777736468
0.29587760519940887,-0.9500361509334007,-0.09943718952741691,0.8035976427335546,-0.029567780127292193,0.09493945986498731,-0.9950438409129965,-0.08030549792757188,0.9547681336951956,0.2973513256741815,6.123233995736766e-17,1.814794905068474,1.319362651099816,0.15115611663753994
0.5182016363310111,-0.37011012348010325,0.7710288973841416,1.1530073615742953,-0.6274314353807197,0.4481242623396939,0.6368001565629478,-1.3960455026718404,-0.5812029404605178,-0.8137586509525093,6.123233995736766e-17,-0.5021200297872985,2.45994185300786,0.1885894954977597
0.3052196561707498,-0.31014058359899677,0.9003631377904601,0.723990692975975,0.6315414863780844,-0.6417235626617139,-0.4351393111500236,1.4980364112269267,0.7127386003791073,0.7014297452558104,6.123233995736766e-17,0.9844321114246894,2.1663146517053704,0.1704499358090142
-0.06959865017061288,-0.7863329693781196,-0.6138700914390746,0.1674813934715298,-0.05412230489986135,-0.611479570611925,0.7894070628241061,0.1302392937262331,-0.9961058196832077,0.08816573026547737,6.123233995736766e-17,-1.949942207046717,1.0947632606132107,0.16042679545515942
0.8258493664999048,-0.5535465020433681,0.10751322675493293,1.7600996724435787,0.08930738669956623,-0.05986054299913898,-0.9942036542241949,0.19033725574301405,0.5567737552476771,0.8306641833300625,6.123233995736766e-17,0.8987815496109282,2.090582513402523,0.15151153313442384
0.04179089172790084,0.32088374055789215,-0.9461961458461783,0.2506329864642236,-0.12219763913118101,-0.9382722863886195,-0.3235936550457036,-0.7328572798526338,-0.9916255635870589,0.12914620257927636,6.123233995736766e-17,-1.7554840469857123,1.4383069340760788,0.1754231583798927
0.05076860669609418,-0.24903911543538232,-0.9671618621292403,0.14010253708120768,0.19319020284459115,-0.9476706247859354,0.2541612331625348,0.5331333538417291,-0.9798469748379095,-0.1997496080121235,6.123233995736766e-17,-1.9160403859299149,1.1559246037714845,0.1483257501355551
0.9036419875522397,-0.19248989463477909,0.3825948232740868,1.70221090709334,0.3741992348142081,-0.0797102970800566,-0.9239162306204336,0.7048875856821601,0.20834128490795872,0.9780561890826625,6.123233995736766e-17,0.7112656284659078,2.1958237609578246,0.15547260259609302
0.356484547361668,0.9112775862345501,-0.2061357036490251,0.8361421733330058,0.0750970206349088,0.19196970024105048,0.9785234139667386,0.17614167713362744,0.9312782639920824,-0.3643086535012492,6.123233995736766e-17,1.8028966089347507,1.3279943955828022,0.147789756300524
0.004700190800539189,-0.05636712433041207,-0.9983990462240829,0.011297254440393555,0.08296389674712758,-0.9949460524760577,0.056562748331756355,0.19940983051396927,-0.9965414693041983,-0.0830969310927276,6.123233995736766e-17,-1.9897165914556243,1.0203297832098024,0.14600918772729762
0.11510252560933532,0.1341640693911662,-0.9842517010819716,0.2003249320636199,-0.6408786763896893,-0.7470113340718162,-0.17677270410684268,-1.1153880128098133,-0.7589637216279526,0.6511329121252033,6.123233995736766e-17,-1.6350790285871875,1.5426640789104855,0.15000305953399007
0.75640308017309,-0.3368646688189893,0.560692941997788,1.4060594710825929,-0.512195259150855,0.22810653587638255,0.8280238069004208,-0.9521074332588153,-0.4068296901752019,-0.9135040247267383,6.123233995736766e-17,-1.0268489260236124,2.0299800353089013,0.15189949246659187
0.4913748935547407,-0.8184636072957394,-0.29777178764367956,0.29671659039988524,-0.15327037141382185,0.25529635869550055,-0.9546370841757026,-0.09255227039833863,0.8573557646804132,0.5147242881089483,6.123233995736766e-17,1.836345783639721,1.2656176148987053,0.19385484553711377
-0.07516890038368988,0.020911709746688788,0.9969515217956072,-0.14646023816771098,0.9604769117969627,-0.2672011203485988,0.0780234784499054,1.8714079431564175,0.2680181678917982,0.9634138579447171,6.123233995736766e-17,-0.1383341438567195,2.5210275364731483,0.18753641920407546
-0.9349691982754986,-0.15066313963312764,-0.3211436074904185,-1.8463572475564125,0.31705354647229617,0.05109075553658871,-0.9470305081506297,0.6261105868218081,0.15909005922876138,-0.9872640746297766,6.123233995736766e-17,0.43085387109180295,2.205621134740253,0.14719773269625216
-0.6763292994867864,-0.4120661746662279,0.6105572424856284,-0.942466831509958,-0.5214043989805545,-0.3176753044783009,-0.7919721293381135,-0.726578535360581,0.5203038836866775,-0.8539811875097487,6.123233995736766e-17,1.4621501491723594,1.8367180663393279,0.18656468800807738
0.6141157689066007,0.7830341778009648,-0.09858650402474732,1.4799161210405898,0.0608399092668369,0.07757450751519196,0.9951284847818288,0.14661398890138636,0.7868674143848234,-0.6171220885524537,6.123233995736766e-17,1.2798507381469022,1.9173740400903934,0.16020628343816437
-0.203065865926456,0.15727880326374713,-0.9664510500483002,-0.45318461128817256,0.7640745841069442,-0.5917919077355338,-0.2568508669647387,1.7051947249425192,-0.6123351076145634,-0.79059832783953,6.123233995736766e-17,-0.8397850883406743,2.1969171579104674,0.16310097992491326
-0.26235654434176414,-0.41397809083113746,-0.8716600162637119,-0.6178965311702966,-0.46659980782689264,-0.7362579733278014,0.4901110242048688,-1.0989259041519868,-0.8446618631008238,0.5353002307332262,6.123233995736766e-17,-1.5329605088006644,1.6564936329119442,0.15175882336202334
-0.8131072261232322,-0.05020431878768062,-0.579944967390224,-1.5992133441863872,-0.5788426574476473,-0.03573993732778075,0.8146556541255648,-1.1384635042393438,-0.06162642894999479,0.9980992852691917,6.123233995736766e-17,0.2007886601356397,2.314064552880593,0.15607439268558956
-0.44798367362313746,0.31463562459599775,-0.8368482848773753,-0.6099293191787838,0.684820026016111,-0.48097461873730674,-0.5474348802348964,0.9323817737594235,-0.5747453002282065,-0.8183323529383332,6.123233995736766e-17,-1.529987043945388,1.7549806572810782,0.18413064122591885
-0.06709366558332723,-0.2392566744211385,0.9686354751832755,-0.04473801707721759,-0.26154106067489274,-0.9326580066479793,-0.2484860483336439,-0.17439542670887528,0.9628575770173099,-0.27000978941578263,6.123233995736766e-17,1.9588022860551821,1.0783886038757209,0.1583774854101152
0.038570994073883966,0.1685050610836863,-0.9849458476511973,0.03618292950735802,0.219771160060129,0.9601140348995845,0.17286317477896918,0.2061643621881689,0.9747886517712325,-0.2231301960247031,6.123233995736766e-17,1.9746932233175865,1.0498728394592134,0.15139294484424326
-0.8050543879493253,0.5743741276798219,0.14826258427391942,-1.789430922875682,-0.1206933432432727,0.08610987627643314,-0.9889480300321241,-0.2682705713025136,-0.580793034858631,-0.8140512580051094,6.123233995736766e-17,-0.48475242238281424,2.47283844448137,0.19042826212586023
0.17076759079254544,0.9641723131508179,0.20300290758585413,0.1899751980253092,-0.03540348402721241,-0.19989190530645745,0.9791781347189535,-0.03938559920908108,0.9846750851187638,-0.17439890121888765,6.123233995736766e-17,1.9844826718988753,1.0308187048590676,0.1482537758153072
0.012469373299936342,-0.19827126473233586,-0.9800678651557487,-0.0281682601205346,-0.061515396877624695,0.9781354079359029,-0.19866298016755204,0.13896301433815567,0.9980282414223032,0.06276646655264931,6.123233995736766e-17,1.9768831792891866,1.0450173107319354,0.15283042877015252
-0.696354436338086,-0.6745581034765878,0.2450752211594134,-1.4896518409198554,0.1760273353106929,0.17051756874220406,0.969504067022756,0.3765603124132041,-0.6957764556347702,0.7182583962504836,6.123233995736766e-17,-1.270637963285293,1.8555569731127235,0.14829566358183022
0.5578590172536583,-0.48111832744534094,0.6762532601510918,0.8928008015407818,0.5121077043787273,-0.4416606966676232,-0.7366692121536095,0.8195801354890427,0.6530995452339043,0.7572720673676453,6.123233995736766e-17,1.5437592475027735,1.6794863997356069,0.15998989631131225
-0.01786217305960783,-0.2817981762889113,-0.9593074223698221,-0.17169974195949497,0.06068525836711132,0.9573860402318123,-0.28236371825389983,0.5833356987196847,0.9979971153217355,-0.06325944838120572,6.123233995736766e-17,1.8365497490867448,1.3036711693336576,0.1699740989032369
-0.6083784245863992,-0.47742614131607936,-0.6339873595631147,-0.9392598495329422,-0.49874897314210725,-0.39139421798936114,0.7733434087869308,-0.7700057505928815,-0.6173533463807129,0.786685989269248,6.123233995736766e-17,-1.5211991536467346,1.7232104541317,0.16576650496392134
-0.18839134248185185,0.02034602884162409,-0.9818832625054067,-0.3603997352833004,-0.9762066620036082,0.10542909583238559,0.18948683018019644,-1.8675201202612943,0.10737436909085217,0.9942186604878935,6.123233995736766e-17,0.5268662425932914,2.2559170946436446,0.15596062422366444
0.07192449821079037,0.9837678527573928,-0.16440096848326297,-0.03492210496178551,-0.011987564842109855,-0.16396333958355153,-0.9863935936337812,0.005820422916618344,-0.9973380394060393,0.07291663153024677,6.123233995736766e-17,-1.9914540683294577,1.0167997048601471,0.14909282803652982
0.2307950792099144,-0.18276861888274498,-0.9556826164392566,0.34806797383604104,-0.7492107281030095,0.5933064539169801,-0.29439894129533944,-1.129903900030106,0.6208195521307682,0.7839534958734174,6.123233995736766e-17,1.5380544059354497,1.712164737345213,0.16810090246838919
-0.15717393794602152,0.9350180197525396,0.3178642099522684,-0.5051968083150057,-0.05269281681430298,0.31346630285367844,-0.9481362476097095,-0.1693680467868366,-0.986164195398877,-0.16577146833302017,6.123233995736766e-17,-1.9163614714704584,1.1572984164697253,0.15013329698911917
0.5352600030370994,-0.5626623353837662,0.6300062106751095,1.3098123152668593,-0.43422795208124976,0.4564580058674996,0.7765900942651724,-1.0625810186488147,-0.7245293746840415,-0.6892439228748789,6.123233995736766e-17,-0.7969250883325013,2.3631883834605865,0.19292033237013895
0.8692419706447214,-0.3991251932224372,0.291748995893445,1.8257349540670194,0.26513520146523756,-0.1217407144254595,-0.9564949155093124,0.5568836080356895,0.41727894916191144,0.9087784540724603,6.123233995736766e-17,0.4152689920693117,2.336458805914338,0.16332399630939726
-0.8307867339623931,-0.5345091404115815,0.1552204287088909,-1.1021422909786898,0.13053720212888725,0.08398464353043308,0.9878798603633075,0.17317389063989636,-0.541066947366462,0.8409795232153624,6.123233995736766e-17,-1.5026012808508105,1.7951390831717093,0.1909833201363538
-0.6991734576050104,0.7144715427677534,0.026208600796702237,-1.282289720637624,0.018330654698114058,-0.018731733877551483,0.9996564956245115,0.03361856751894664,0.7147170512020775,0.6994137092744228,6.123233995736766e-17,1.5269619056077317,1.6449516094223486,0.14813776617640975
0.05792407808196084,0.9333726404685839,0.3542037763817019,-0.5327517426176525,-0.0219392893845742,-0.35352366651238304,0.9351682654992851,0.20178473336919406,0.9980798909704849,-0.061939738781699526,6.123233995736766e-17,1.7733538015877,1.3907513632336899,0.19380794813927216
-0.5441286458690079,-0.4470299596042102,0.7099917126002373,-1.2475745512368752,0.5485960324912156,0.45070014987341095,0.7042100311973567,1.257817345661898,-0.6347963530768407,0.772679487316923,6.123233995736766e-17,-0.5882239667772938,2.448848006650417,0.19251401364097662
0.4394279670773623,0.8596185574704398,-0.2606894654616805,0.7138036648233332,-0.11865708259419264,-0.23211956865575045,-0.9654227066924121,-0.19274572116177668,-0.8904064007522023,0.45516638880689386,6.123233995736766e-17,-1.8491706314792427,1.2643798224959333,0.14919367972853034
-0.21271152988692915,-0.5002240046925244,-0.8393627047841329,-0.3309116197652854,-0.32846100691157065,-0.7724267713648799,0.5435717522254672,-0.5109810638126739,-0.9202538627964564,0.39132189819661356,6.123233995736766e-17,-1.896325155060278,1.1899278647146703,0.14914011316074524
0.45938169280912083,-0.8286657880173144,0.31981474650408126,1.244423518348854,-0.15506081934011906,0.2797098753834778,0.9474800936792974,-0.4200457558100057,-0.8745996813499289,-0.48484574596731544,6.123233995736766e-17,-1.4345035263066261,1.8123730024557303,0.16634315007157022
-0.9466266097954527,0.3059852722598295,0.10134631116743142,-1.93968337028033,-0.09643363170818806,0.031170971476926816,-0.9948512075746575,-0.19759714107395338,-0.30756888058244347,-0.9515258187234137,6.123233995736766e-17,-0.2475337672896064,2.3319671622479805,0.15899584457145377
0.6090735068445909,-0.1356110204874216,0.7814340115341744,1.1959955535439022,-0.7627563966604632,0.16982871881969241,0.6239878889991439,-1.4977720235594654,-0.2173295714199474,-0.9760982826469996,6.123233995736766e-17,-0.5568506154106825,2.179241237196764,0.14747750957497874
-0.8365455908658861,-0.29190958917260407,0.46365964473083837,-1.6440002842999757,-0.4377726501789009,-0.15275919909212962,-0.8860133937182173,-0.8603217436217987,0.32946408174213365,-0.9441681094179217,6.123233995736766e-17,-0.0822022657795522,2.5596135263394557,0.1954748980698935
0.11261162417540105,-0.14737811344934104,-0.9826486217243127,0.2591228605821727,-0.5966114808605331,0.7808028270197881,-0.18547691560759957,-1.3728216310596246,0.7945900597200923,0.6071463060861196,6.123233995736766e-17,1.4078047532283795,1.773202968997765,0.15230362607345257
-0.3851682964937776,0.5325089838262483,-0.7537105316501937,-0.9459766004997814,0.4417262830488611,-0.6107024286706704,-0.657206538676832,1.0848834948094344,-0.8102612382682013,-0.5860688745873485,6.123233995736766e-17,-1.3316467454682717,1.8786084277072561,0.16062690970355245
-0.3942864348976607,-0.5279712775738982,0.7521865043409638,-0.6994032498323063,-0.45007483446014446,-0.6026750208017189,-0.658950273303928,-0.7983632558164631,0.8012308348044067,-0.5983553704602589,6.123233995736766e-17,1.6875710092257519,1.4766672534154004,0.14838640046127108
-0.14311287864428243,-0.23407924256771262,0.961626545060541,-0.08668033828925267,-0.50160463918804,-0.8204379306870866,-0.27436178275213036,-0.3038109513564372,0.8531772910193888,-0.5216210406883689,6.123233995736766e-17,1.8317952069820245,1.2717369036863455,0.19499762614260321
0.9202615077540791,-0.3179639916886191,0.22807379800325284,1.8573059055008945,-0.2155691094542385,0.07448232263252211,0.9736438479569269,-0.4350695717025671,-0.3265711505863544,-0.945172621061732,6.123233995736766e-17,-0.5981725933735352,2.15737187842096,0.14622262945450382
0.16015620347350878,0.9862728866894203,-0.040196809205085345,0.34622772714341216,-0.0064429756851715194,-0.03967709080301027,-0.9991917816564195,-0.013928507164483236,-0.9870706552994433,0.16028574935635315,6.123233995736766e-17,-1.969578342240178,1.0586993375758873,0.14596589909462987
0.004245560657168323,-0.6093484024148915,-0.7928912281575107,-0.23964907707689376,-0.005524238820782633,0.79287198366103,-0.6093631924483742,0.3118265976762465,0.9999757287055308,0.006967208899031084,6.123233995736766e-17,1.9163838540837417,1.159991473968139,0.16228319000459132
0.04264490911276823,0.988850392354713,0.14267555244923413,0.6344512596838322,0.006147275596504461,0.1425430611058805,-0.9897695119235114,0.09145632683874641,-0.9990713801973833,0.04308569682035616,6.123233995736766e-17,-1.8006246280854494,1.3630246192030222,0.1779374061905494
0.06525072780320697,-0.10733136019219747,0.9920797960045575,0.1643849341318835,-0.5153596542781582,0.8477185549359774,0.12560922879930214,-1.2983359063556925,-0.8544862604298848,-0.5194739942832085,6.123233995736766e-17,-1.4685877160690983,1.747937932713288,0.15836565431221514
0.45977985192729254,0.7441700153279419,-0.48457556278513225,0.932759895712957,-0.25469932175032894,-0.4122398956292926,-0.8747494063738896,-0.5167110124511642,-0.8507236585764142,0.5256132197142311,6.123233995736766e-17,-1.6919369205478365,1.462091366708137,0.14592917082946208
0.42848371876088015,-0.23944260923428332,0.8712456253203945,0.599212692820132,0.7605513454901127,-0.4250065770233498,-0.49084728822728024,1.0635923835729941,0.48781487639270116,0.8729471039931193,6.123233995736766e-17,1.4253743393892222,1.8810734751057223,0.18931956746036302
0.07170654474908626,-0.16885282548793376,-0.9830294475573398,0.22692007633423827,-0.3842490053951801,0.9048202012652589,-0.18344782701114593,-1.215981246073644,0.9204405865089621,0.39088249731477853,6.123233995736766e-17,1.4534792712484905,1.8312149042834942,0.1788546753152555
-0.16236572837026306,-0.06222099196885151,-0.9847669360865068,-0.3088468316045717,0.9195586485000343,0.3523887205601172,-0.17387950307840752,1.7491546887048126,0.35783971582202023,-0.9337830250012129,6.123233995736766e-17,0.8966473776753124,2.0794040071622084,0.14988741418783133
-0.062435150618140485,0.3666176040595709,-0.928274412208432,-0.3112459190106035,-0.15584183954441858,0.915099287185998,0.37189597421737464,-0.7768882767011762,0.9858068639519112,0.16788337316511784,6.123233995736766e-17,1.7290393473828023,1.4787496090000853,0.17467962987559443
-0.5409793491984513,0.2590530893089336,-0.8001455121790771,-0.8979004681153584,0.7216704160090278,-0.3455787194224701,-0.5998059347319616,1.1978058040840398,-0.4318948418286293,-0.9019239688586967,6.123233995736766e-17,-1.2355753797874383,1.9875545248492952,0.16772399122038728
0.03594225835608366,0.010922879905645274,-0.999294173283739,0.07122312380525575,-0.9561176165333111,-0.29056487763233163,-0.037565346280429984,-1.894641196445901,-0.2907701109449267,0.956792946556921,6.123233995736766e-17,0.052637446457664494,2.501598299521641,0.18280276685737373
0.5193460805700425,0.7637041197760475,-0.3834522995544918,0.4798236808005338,-0.21562681550538684,-0.31708160222351844,-0.9235606823411077,-0.19921754715377823,-0.8269127674861121,0.562330218793601,6.123233995736766e-17,-1.8259967058159323,1.3125678857117848,0.18222219735454517
0.18427399232024652,0.33098560461485876,0.9254683275467044,0.4271442591859036,-0.4501808143570106,-0.8085968461952797,0.378824992190201,-1.0435121528926932,0.8737163899911782,-0.48643567905817053,6.123233995736766e-17,1.6411614734884012,1.5331866430634062,0.1493209073108788
-0.4345152851097916,0.8315580466466176,-0.34598797965134337,-0.31715665724074865,-0.16023323954099972,0.3066479920192125,0.9382389450117606,-0.11695569839122899,0.8862966636246316,0.46311793751467545,6.123233995736766e-17,1.8784428256878254,1.215206606004718,0.17884507784604842
0.9415562525740517,0.2234924956796866,0.25203755199091626,1.7535403263118496,0.24522398741036955,0.058207590674522386,-0.9677174548319495,0.45670149789510617,-0.23094808775408274,0.9729660737984303,6.123233995736766e-17,-0.7749693433639608,2.1830534339272303,0.15699885372386832
-0.983890572575032,-0.0013095027316611368,-0.1787669611549395,-1.8021092312374396,-0.1787668028203123,-0.00023792850866627546,0.9838914440117,-0.32743204842194995,-0.0013309422900577188,0.999999114295918,6.123233995736766e-17,0.5540219827647181,2.388150481766495,0.17717920638896115
0.480621031789393,-0.6535217607537429,-0.5847330433822143,0.740581795952684,0.34643252860966717,-0.47105969382249063,0.8112257811343112,0.5338127282091176,-0.8055978692392447,-0.5924627187234558,6.123233995736766e-17,-1.752861856675539,1.4148532729501344,0.1549388447122093
-0.16218876188797732,0.2491446156551121,-0.954788859385839,-0.3601967585525561,-0.5209013007624246,0.8001772309128308,0.29728476919056673,-1.1568431614887604,0.8380672051698832,0.5455670074507264,6.123233995736766e-17,1.583969868412753,1.5888657815396092,0.1481398461343829
0.4099767839815509,-0.4675531176836852,0.7831431023385258,0.8941458213976156,-0.5163220498831235,0.5888333036988483,0.6218415242323314,-1.1260813329840191,-0.7518846835789609,-0.6592946402022133,6.123233995736766e-17,-1.3793987948783668,1.7770748633427476,0.14878791824896923
-0.9732077048381219,-0.14705423432915643,-0.17675354426313633,-1.746367832425852,0.17476963420430594,0.026408149682883787,-0.9842551420187855,0.3136145200473933,0.1494066203479888,-0.9887758400144049,6.123233995736766e-17,0.7682325367281492,2.272129782898338,0.1703642648948402
-0.9623664348750434,-0.222061896889065,-0.1566504356072121,-1.9314119119463589,0.15263959285813822,0.035220926564062664,-0.9876541100122405,0.30633853924792126,0.22483771862834942,-0.9743962234542984,6.123233995736766e-17,0.4180409723439566,2.197553716051463,0.1460004315356323
0.4357632861383705,0.8359285488906116,-0.3336672288426376,1.0602097008889841,-0.1542392360370341,-0.29587848463556315,-0.9426909251692598,-0.3752632208952178,-0.8867472111715947,0.46225467383186003,6.123233995736766e-17,-1.6358901035643036,1.5480683134198436,0.15160567399593997
-0.11766433555051584,-0.28641030840004583,-0.9508544785516059,-0.2460215480197801,-0.36133039171324605,-0.8795252056683757,0.30963811234787253,-0.7554970832918335,-0.9249840280587596,0.3800059839478744,6.123233995736766e-17,-1.8350153710668513,1.278128234804994,0.1460365937179269
0.32685014513544375,0.9449956776494205,0.012334984752795267,0.7671243818036226,-0.004031998306361692,-0.011657394156036251,0.9999239211815808,-0.009463187501168861,0.9450675772740258,-0.32687501340023395,6.123233995736766e-17,1.8429145011481252,1.2698272030224338,0.14737108681980549
0.7729211004019692,-0.19311380453623672,-0.6044005551378566,1.5677974519985718,0.5863754503935368,-0.14650550237696253,0.796680594058278,1.1894072196546284,-0.24239802748616998,-0.9701768891654831,6.123233995736766e-17,-0.3096607284006574,2.2415691311820987,0.14895508282607972
0.027126718326279966,-0.40132261060651947,-0.9155349820562918,0.322448777227451,-0.0617431408102429,0.9134506488758443,-0.40223835798091834,-0.7339258666300841,0.9977233713388362,0.06743941195077852,6.123233995736766e-17,1.6766602348510347,1.5547653290846684,0.19512275548288602
0.1618348953910079,0.6193565307780667,-0.7682492788257852,0.34192468465224113,-0.19421914625194506,-0.7432939375815631,-0.640150799096323,-0.4103461133964664,-0.96751660960572,0.25280745664844007,6.123233995736766e-17,-1.9271294491804911,1.134205300346838,0.14598372086685688
-0.40262458040154403,-0.25694820487884773,-0.8785619313776453,-0.8262276357926279,-0.740597909741669,-0.47263707361176066,0.4776284463199211,-1.5197841607895897,-0.5379667121140035,0.8429660827442874,6.123233995736766e-17,-0.9999507352589876,2.0057637741043783,0.14665071568230292
0.8787892687415791,0.46037929374579784,-0.12561977167134517,1.8690257929285958,-0.1112747747440152,-0.058294524103294346,-0.9920784610932943,-0.23666131517138736,-0.4640553260660944,0.8858062171545709,6.123233995736766e-17,-0.40314685665772265,2.401234178758464,0.17274073352284428
0.6222162843995473,0.7400157569104227,0.2553890658433046,0.91058808845587,0.16435760235816763,0.19547417604223388,-0.9668383655232575,0.2405306301151232,-0.7653975920886452,0.6435577099413106,6.123233995736766e-17,-1.71988141723585,1.4724638525103526,0.1606370271384476
0.39827156378020595,-0.5153943685929595,-0.7587808684374785,1.0135583607743914,-0.463963622188561,0.6004049996397468,-0.6513459861650074,-1.1807375949740317,0.7912758803159234,0.6114593046395324,6.123233995736766e-17,1.1193874914819555,2.108217472890752,0.17605602672110326
0.8869009670125602,-0.30652641756829335,-0.345612832581393,1.6731577829298545,-0.3266536690636486,0.11289645934302059,-0.9383772002532169,-0.6162391845815822,0.32665586662333496,0.9451433461653095,6.123233995736766e-17,0.8724950816178334,2.103414528320993,0.1516581091425141
0.23830996973997615,0.04549459462637448,0.9701229819885279,0.4535353840648142,0.9529140086757267,0.18191616819807538,-0.242613684316624,1.8135213620187447,-0.18751866678303947,0.9822610394431367,6.123233995736766e-17,-0.6490736520238314,2.205631686115779,0.1540010595570402
0.82685883585752,0.5561137364132329,-0.08391649263917285,1.6372693749723544,-0.06963270254081878,-0.046832301606073136,-0.996472790528241,-0.13788023592734205,-0.5580822092677824,0.829785663710088,6.123233995736766e-17,-1.1399559346397559,1.9242566063593853,0.1459800850431284
