0.7724080171747051,0.5382912623420574,-0.3370880773483912,-0.3372298239895079,0.4504578498569062,-0.8384536206375098,-0.3067299325826282,0.014706808335692656,-0.4477427615344927,0.08507668849952406,-0.8901058232409342,-0.43428240744696966,0.41020323497617106,0.1416029119367304
0.2048482285947753,0.8647351662073133,0.45855239129895814,-0.32709961287757333,0.8998190914916412,0.017985986082178346,-0.4358923111180203,0.366549295224899,-0.38517892703098405,0.5019059639305571,-0.7744208142490735,-0.9580044354262894,0.8326906550728744,0.20721905404978594
-0.6712016379223007,0.6996343854851937,-0.2449491536976124,0.15264624689292805,-0.6600329986338895,-0.7144768722253302,-0.23211902069728202,-0.5407675276427983,-0.33740895359307943,0.005875857542932483,0.9413398282944148,2.5952597697251196,0.7252936565587133,0.08689092027462554
0.3042076459483859,-0.3597625365160216,-0.8820593094946052,-1.739469421350254,-0.15007953910380645,0.8962800549890156,-0.4173226509204557,-1.7483275312249136,0.940709221858131,0.25933179586862376,0.21866224997155756,1.211446579886139,0.68226960161444,0.0531618906054558
-0.4925532657443344,0.07899177929767479,0.8666900133311671,0.6795867505237021,-0.6842374758348511,-0.650539670723091,-0.32957125705777834,-0.7883941831942876,0.5377828158910836,-0.7553531860122652,0.3744745749892471,-0.2915048912218213,0.3575983598499426,0.11525218725759225
-0.11570768844088894,-0.10389133462122153,0.987835169158442,1.6115952477397797,-0.837141352016725,0.5454711421487423,-0.04068893985540416,-1.0644186169162988,-0.5346083497096507,-0.8316656922547474,-0.15008693729687386,0.1792864763156695,1.720250964665442,0.15758829873827476
-0.3324712289136936,0.45473932136371825,0.8262415092152434,0.7442110478912339,0.8923126261787331,-0.13197786390088984,0.4316943601695191,0.33527536809687497,0.3053539898325069,0.8807916853864045,-0.36189079547226133,-0.48671194748876473,0.03694949479335459,0.03448369644590637
0.8595758293806562,-0.11526485327946855,-0.4978387360812931,-1.9086831656092627,0.29869192088558333,-0.6771413402439491,0.6725048265479652,1.4542407793421743,-0.4146233591372262,-0.7267693024138341,-0.5476256487114823,-0.45784170087127546,1.0552039837394185,0.05790582274814949
0.2504500566672128,-0.7694448270769612,0.587562275167403,1.3867724759234403,-0.6639823737767435,-0.5781934890587845,-0.47415155438301565,-1.1430874368136044,0.7045581426888704,-0.2713797105432431,-0.6557063948721826,-2.305407897358652,0.1005956667808804,0.01338973499565007
-0.807631085045892,-0.5038316645711165,-0.3064077091769935,-1.1132239938453514,-0.10533873798690467,-0.3879865267556517,0.9156255814116445,0.8219035705616763,-0.5802032236612626,0.7717642832054252,0.2602769878830911,-1.3478177188889564,0.4147431071451046,0.03378294472236052
-0.02407439104229911,0.9957970471927837,-0.08836664810931448,-0.06163660107721641,0.7186709584671648,-0.04420571074902972,-0.6939437358987111,-0.7899974578945725,-0.694933433612047,-0.08021281655263117,-0.7145861927779352,-0.897135179002936,0.061996756496572,0.039673014556374696
0.19786382529494487,0.1591507348265853,0.967223319737386,1.819869122985481,0.9375145070353268,-0.31883436861873177,-0.13932406283841586,0.8780365219740016,0.2862105094820239,0.9343530858255098,-0.2122919105156569,1.2468543152070137,0.5633082281394106,0.02621041786138671
-0.17222803733212552,0.6780716786833253,-0.7145322258123152,-1.084783227640498,0.9237223821765677,-0.14078643709431274,-0.3562529154916997,-0.7031612098633194,-0.34216145870447034,-0.7213861501982599,-0.602102614576089,-2.11379150109242,0.3383643738486913,0.029006189150851416
0.5807429596000095,-0.7195714746568486,0.38072891633705774,0.4905999228449093,-0.7690504863759091,-0.3315245039458464,0.5464914022090727,0.6451425771707822,-0.26701865904838834,-0.6101707926012431,-0.7459173141685151,-0.7371405080472911,0.00820182192378647,0.010675629910057173
0.8348607891830876,0.507340348380435,0.2135725487739732,0.9906254829302812,0.5160662024666373,-0.8563798096619187,0.01700871174074446,1.4905924194241986,0.19152842440811774,0.0960176676900394,-0.9767791306816035,-1.9781036372503564,0.8666647416206231,0.03751802537915778
0.25739141267571836,-0.956504245021445,0.13729271625528186,0.14667431140168277,-0.15799636803122755,0.09850981046910652,0.9825135952903051,0.9892373813555573,-0.9533031041435557,-0.2745823127903471,-0.12576861744077908,-0.1245610826841698,0.00018198441601019642,0.002164933663379043
0.6898532877445045,0.3687087471093651,-0.6230219106846405,-0.3605242386637202,-0.6215617621128544,-0.1395654409903628,-0.7708323187051315,-1.388366687594218,-0.37116494617253604,0.9190078059985171,0.1328955802370064,-0.7725877925957344,0.9512461998696318,0.13324565007125708
-0.6457500845379147,0.6025661959401,-0.46895714924665893,-0.2663445051118982,0.6009738891297096,0.022240423000734613,-0.7989591655204038,-1.1253174355713835,-0.47099597971064217,-0.7977589504950889,-0.37648830526509985,0.12769857955376612,0.44308735889762985,0.09753451463137443
-0.4342769121134564,-0.7847430304602878,0.44224646945928814,-0.20223125434063793,-0.19596141312393306,-0.39689596509288905,-0.8967010189909764,0.8426737529882918,0.8792057143647739,-0.4760797927207034,0.018583400962674395,0.7574085411187985,0.12219157887695457,0.017130561908670752
-0.18361328606883892,-0.9031296280490609,-0.38812760288205145,-0.44483327517801596,0.4490364350866264,0.2741772662886254,-0.8504076120397737,-1.497162491009488,0.8744440754809291,-0.33042957130145145,0.35519551977163555,-0.384871673951782,0.38327720787767305,0.04014246624802506
-0.22635811384227486,0.7274097415848558,-0.6477940044066638,-0.013193820063026274,-0.2883543151962985,-0.685288802607233,-0.6687533520879115,0.9307994480372147,-0.9303836806422614,0.035416449124633,0.3648724186972219,-0.2599226072329806,0.33778671817627637,0.06391942908841675
-0.6315838867299752,-0.5826499219778747,0.5114888683463547,0.6802571176249773,-0.1364157791707549,0.7329447257161098,0.6664703776149192,1.046095564599495,-0.7632119818348596,0.35115679897178936,-0.5423987217164074,-2.2652464108590653,0.7904066273311517,0.06934517531174536
-0.6016917345631677,-0.7025021227635061,0.3800760766887788,0.046794409424967764,0.7634036951870327,-0.6457478820253771,0.01498235744212546,0.46603076308444286,0.23490818362319887,0.2991662420336016,0.924833879620736,-0.9924338538219943,0.0229599902846911,0.009048722017569477
0.6816451618879171,-0.020183597692981132,-0.7314044678965006,-0.936828794420629,0.06879157135123633,-0.9934237593319318,0.09152570188662705,-1.5713730512475912,-0.7284418940353603,-0.1127025145193303,-0.6757740378522965,-0.45448005561442445,2.1190525081151432,0.09273233632536962
0.06229982032267442,0.6820749480371209,0.7286237009924403,0.8469976595977756,-0.9961306214409482,0.08783559504681603,0.002948435253193484,-1.1244868783099577,-0.06198804251977149,-0.7259880670527102,0.6849078836468715,1.5167204824821028,1.1057586055820259,0.07704522942267394
0.7652829338868841,-0.6219872708411461,0.16575242385276187,-0.6388894641075911,0.6272115676274156,0.7784395351557215,0.02524954536034398,0.7001879917161228,-0.14473313558353815,0.08463879145006066,0.9858441025060861,0.009668554719688416,0.874129553241045,0.10638861976355017
-0.8458225506539017,-0.4479303317273112,-0.2897285466156016,-0.02268452188603598,0.5277592054304316,-0.7818274689388676,-0.3319879966144608,-0.28155682234372853,-0.07781024282681155,-0.433709841635286,0.8976866599097525,0.7901758726865111,0.10549154912177011,0.06075237664313585
0.34331153605796294,-0.321976713337413,-0.8823084411236014,0.4598341705420136,-0.8863448757484063,0.1996874359393563,-0.4177531438092451,-0.6439846736136364,0.31069269454569476,0.9254490391136634,-0.21682740961311298,-0.4003917476358839,1.9021812572546835,0.188411544947244
0.9499869509464856,-0.15083541654228436,-0.27344738094908627,-1.864013993534819,0.30735934054848313,0.29662165696745313,0.9041824088066988,-0.07576414709041868,-0.05527231503203606,-0.9430080963249456,0.3281473776469975,0.82477004413839,1.2368194576623668,0.0521882342107912
-0.25764512957669156,0.8117650932784606,-0.5240767315384476,-0.37706861092842475,-0.9297568172250619,-0.3559166788290246,-0.09421028900730251,-0.07261105803902346,-0.2630042737845383,0.4629910917781562,0.846444328296397,0.9225880524380986,0.004639250977162781,0.007168297344233284
0.4618473491932361,-0.006869704147391796,-0.8869328233908744,-1.1562985971304225,0.8615083437334864,0.2413036692469915,0.4467392000770957,0.39898917650383037,0.21095117852423975,-0.9704253430186507,0.11736376743428317,-0.4331761357085803,0.3456363427151358,0.06549242687014094
0.6627703956301432,-0.2624466227354851,0.7013252974839859,-0.30725186283177597,0.27897748763689434,-0.7826073760637244,-0.5565044980253604,0.6978876236448723,0.6949150768749155,0.5644886758345024,-0.4454723008072895,-0.7764534783156476,0.5910029241142086,0.10583806085291572
-0.8216678445238861,-0.48995518362112156,-0.2912144764915779,-0.7774513648935172,0.5609862074943238,-0.7855348862763835,-0.26120761367901335,-1.0731191217403213,-0.10077910634951222,-0.3779932016393181,0.9203068571068302,2.578061982226025,0.25198259854597505,0.04182928774826361
-0.2658960400948823,0.586832846026585,-0.7648048814476794,-0.9787946301868713,-0.9411058642950112,-0.32990202695073156,0.0740567674378173,0.4769377083221915,-0.2088517370083401,0.7394537601758051,0.6399914753420253,-1.2381789342346605,0.11796300399898928,0.011920101964864451
-0.3361672610194179,0.8799053769435392,-0.33579472932812754,-0.4084792487376269,0.023560571429523714,-0.34857621563289953,-0.9369842695418961,-0.8016213574267921,-0.9415075528601015,-0.32289495121617223,0.0964488381811256,-0.11002878153097567,0.07133012322157183,0.06033048800444412
0.04828443103080783,-0.842030756336014,0.5372641986064505,0.600246856667879,-0.9967553083943642,-0.0059386332048782945,0.08027196162617269,0.024134581961500548,-0.06440084555102513,-0.5393968279660702,-0.8395853697346416,0.6733794778854127,1.2243180133660272,0.18871724097884754
-0.615519663690333,0.5616769507889747,0.5528603318768126,0.0677212032906529,0.6759387221747077,0.7369477882330978,0.003847243580641074,0.4274829012822043,-0.4052682907351164,0.37606776034478845,-0.8332650551618566,-1.6829382826421475,0.6302960349060363,0.05314586318232225
0.10800075573465816,0.6686549360766926,-0.7356877144692691,-0.49121379193154513,-0.9722568525540888,-0.08340960600764029,-0.21853935638064603,0.7725072988575535,-0.20749084177948554,0.7388798373794782,0.6410960431103253,-0.3855861872938088,0.449645976501868,0.09676767890483419
0.6906026931062292,-0.5836015088194414,0.4271735000887754,1.1216409636389877,0.31513515751766047,0.7744440074854673,0.5485675088502499,0.5982806290071104,-0.6509667831546729,-0.24422481072471114,0.7187464706388031,0.4231210696049373,0.4547275648570548,0.09246101835687638
0.5369657626970014,-0.6077520028420654,0.5850686051504436,-0.09920192099594438,0.5817998455737375,0.7690014730250935,0.26485028634232505,-0.1965678449601564,-0.6108819111592703,0.19817728812024438,0.7665174838786804,2.159122582080057,1.0756100282139673,0.08651229506055504
0.2337543375530666,-0.34768582584529456,0.9080052181465715,0.9134046440758075,-0.4086338675741936,-0.8825270560890519,-0.23273237321470264,0.5227590528936636,0.8822569194664803,-0.316639482340827,-0.3483707310846447,-0.0941115567006921,0.32891627188820993,0.058200771593178845
0.2861759697083998,0.9457727037745373,0.15367923462998637,1.3568095899097534,0.33207949072774934,-0.24834394551840028,0.9099717009678666,-0.6416103209653702,0.8987917034549526,-0.20937831196032503,-0.3851417872435931,-0.22973398641131532,0.6859581171714458,0.04697946557502762
0.6453408589247371,0.7479164750471279,0.15542239914298575,1.2975311246569083,0.7553410985774369,-0.655129671160204,0.016276939680224662,-0.4223161437133817,0.11399561659166231,0.10689275147830134,-0.9877139965998684,-2.1857157384560013,0.9955956131114514,0.08116128308220551
-0.8969873259050855,0.2460600202331351,-0.36724406545036636,0.578001798995531,0.10471242779041012,0.9253884980426076,0.36426835596395823,-1.0116777223391242,0.42947531318095816,0.2882890808430246,-0.8558272963833312,-0.08230659240157145,0.8546345954115089,0.12013271547986133
-0.33709122348072595,-0.11493461051760706,-0.9344300628497741,-0.8813148963969089,0.5758070770879293,-0.8104158390313384,-0.1080387792535035,-0.8315750820258424,-0.7448595283862071,-0.5744703675145463,0.3393642288456158,0.5682228878413821,0.26917504327759784,0.05597615679237037
0.9260358249743277,0.2317474622860558,-0.29791066544870365,0.0006929733016146078,0.2984714422152602,-0.9327589115009424,0.20217717773655763,0.7774771762169704,-0.2310247801558501,-0.2761411355440369,-0.9329381674121769,0.5644921147637191,0.33869254782711417,0.08425183989833443
-0.051043265533419084,0.8161590906909201,-0.5755683484402657,-0.3503743465209557,-0.6956244272884331,0.38446891534888084,0.6068692686980406,-0.4724960112648786,0.7165900091428322,0.4313559919753351,0.5481156511026211,-1.1113302890023762,0.1312902132511084,0.023365242643887625
0.13278051713249944,0.7136830004042437,0.6877687905132234,-0.5348530503967527,-0.35771865217593357,0.6816495449984122,-0.6382720922058953,0.4614819269180228,-0.9243412249572445,-0.1612776262767213,0.3458075000735046,-0.6154436293176009,0.5842088812976649,0.1303658060698087
-0.48400693955406293,-0.10410640923980875,0.8688493183623404,1.0696419377978765,0.554695653643417,-0.8044300336012677,0.212614799271748,0.1772643681158428,0.6767939230612314,0.5848539788660557,0.4470970913704663,0.4878561372387306,0.04153641673424582,0.027047869340411795
0.33730553163663973,0.5256313868376635,0.7809843938891725,-0.8975064578238965,-0.8865169831100788,0.45646727664625847,0.07566547434961507,-0.4753589438888282,-0.3167216711637015,-0.7178783117787181,0.6199500887111877,-0.28961149104898576,0.13437206823642,0.045259844761963694
0.6539343503497458,-0.7402800304395378,-0.15606198116483413,-0.15785068605156902,0.5533632377351899,0.6086858423204444,-0.5685865567192727,-0.5602262314970414,0.5159059919751695,0.28545931740107544,0.8076843353396351,0.8155237891732963,0.00011087452657478583,0.001792251474905193
-0.013036521180481103,-0.8686255771718484,-0.495297542693666,-0.5414896681057548,-0.9816105740430394,-0.08322733068127015,0.17179607782066814,0.24946144003150061,-0.19044875962422395,0.4884289284128691,-0.8515670565769032,-0.7864777476535488,0.00837474224350132,0.014044291081643597
-0.7052450553197913,0.24915707202916976,-0.6637395312958508,-1.148650185527757,-0.029107137615527582,-0.9455973388744012,-0.3240346389716406,0.14788406422291744,-0.708365856381302,-0.20920426900878927,0.6741300967481595,0.48981462438166634,0.2553156951656365,0.075801852686337
0.38059883278018386,0.70895518170586,0.593739908393206,-0.31537660756217323,0.23470237958123966,-0.6950941595137251,0.6795284412214192,0.18413800675032593,0.8944603521147627,-0.11927556221757726,-0.4309454939460622,0.7072505264559146,0.781530811524879,0.20046222276976516
0.795801379657837,-0.2376102539056288,0.5569932956271427,0.7645352342837495,-0.5423466399687942,0.12949201261660828,0.8301156189248937,0.8823083073997452,-0.26937016584848844,-0.962690597184476,-0.025817200532882965,-0.2897970080386685,0.15719122914580055,0.0795321375743869
-0.4344838144258322,0.7508477959963914,-0.49744487357830935,-0.4249150627984989,0.2872310612900984,-0.40795299931906925,-0.8666444875361173,-0.9648057194501044,-0.8536522315510823,-0.5194246216670295,-0.03841783406076668,-0.04477291715550877,0.005065534358918916,0.005662688069314953
-0.777407182390026,-0.33696253363790274,0.5311255253635679,0.0017122485279744692,0.39312474461242003,-0.9194511005358575,-0.007912578392657351,0.1443743712283228,0.4910101912810163,0.20264729124201405,0.8472561993933442,1.1557346845175376,0.1668662774562499,0.08123528294431864
0.7753070545223683,-0.2886647462846798,0.5617576305313984,0.5584664277578036,-0.4547803836600901,0.362035433623562,0.8136984376530294,0.6289359052193466,-0.43826222041813157,-0.8863424897032754,0.14940956161092298,0.23603757181521554,0.048910252138805885,0.04368477422247398
0.8558310855241894,0.5141573562404627,-0.05652756915263006,-0.08302217961427867,-0.23016114372698274,0.4764037085663947,0.8485666469891876,1.2617141273165493,0.4632267273903511,-0.7132192646641027,0.5260601482180739,0.09333853129171055,0.1551358298748964,0.035098731318471826
0.3006190293108597,-0.9353891954472561,0.18621292183071333,0.9670287635878881,-0.3299837444360953,-0.28519437169085404,-0.8998749350680865,0.5934219518853047,0.8948401687587177,0.20907229227325644,-0.3943980844013771,-0.9975122568024726,1.351317201445842,0.11913817094047649
-0.03647439299924833,0.9891932960508225,0.14200789310262282,0.07753245490433718,-0.9967508767340695,-0.025799106611475532,-0.07630265937641473,0.1865594824322817,-0.07181440235217329,-0.14432958513818048,0.9869202918516982,0.9638660198234753,0.019885216053580172,0.021373698201562003
0.7366825635401776,0.6478609629191546,0.19384265088297192,0.18491768391908198,0.6431144283002795,-0.7598117485278981,0.09534117112235792,0.021593011193956985,0.20905174643584454,0.05442682724947179,-0.9763887994992976,-0.9767389214327734,0.000985220209695773,0.0036647394647197776
-0.2890187774300222,-0.8170541746071903,0.49888938859211923,0.43343063841354984,0.48053694955780435,-0.5745391245406706,-0.6625624759082878,-0.7216789627692356,0.8279809094432888,0.04824178820279326,0.5586773160496687,0.5831500612903577,0.010258009667815041,0.01687474773706176
0.11985607520371723,-0.4541157827233419,-0.8828439143576442,-0.8827788625786217,0.21382534975509518,0.8801920108630116,-0.4237224844341388,-0.44144733263431474,0.9694912279329153,-0.13798869480683645,0.2025978259178355,0.210677447558037,0.0004492853454412278,0.0031137587364938654
-0.3745009874407605,0.31699992077896233,0.8713553010293947,1.2249414096974809,-0.7190098438037263,0.49408944356763557,-0.48877445337125136,-1.883062395964933,-0.5854689188327904,-0.8095595543140455,0.04288907902493988,1.2191594491285425,0.9806632241149003,0.05563936920446479
-0.5473980323455477,0.360295000834263,-0.7553429066047163,-1.7031167553039044,-0.46479977141866274,-0.8814592417283882,-0.08361087047013484,1.1609048404327922,-0.6959285643465007,0.30531478435453024,0.6499740885459705,1.081094430313179,1.5599686069357752,0.07670032002257299
0.37908525399183957,0.9239018048662424,-0.05195984190548064,-1.2488056378026595,0.8281172192035561,-0.3136557473179764,0.4645879286345818,-0.8206570781112437,0.41293612274117153,-0.21914727271700618,-0.8840012621010144,-1.7635246042946988,0.8849622977907428,0.036165507951559164
-0.9418741703836734,0.33173259752895595,-0.05316512861602605,-0.5032791816370004,-0.13122151749452063,-0.5089178497386905,-0.8507546858899943,-0.7090380759732402,-0.3092797447465676,-0.794327455117875,0.5228670323662208,0.7143940258925406,0.17224010911036688,0.06655117106133873
0.5269380498471041,-0.49080177210736714,-0.6938659179694582,-2.1839936449113093,0.02648997277514318,0.825493049281793,-0.5637903040402694,-1.6251890822808355,0.8494907727372341,0.27870207405707476,0.44798502313200356,0.3086896059386877,0.6801234176792329,0.03158289056598592
0.9621533299018209,0.0492973718146663,0.26801257226295266,0.058174665684742805,-0.16706069591642816,0.8837155865057119,0.4371927332959512,1.029740841105321,-0.21529443476029886,-0.46542081098617893,0.8585055474848202,0.9246219540640317,0.31143826100918803,0.07434074391334794
-0.8740399878781363,-0.031442054324944485,0.4848355358364469,-0.2514154999182022,0.3299507362900433,0.6940800586231574,0.6398323091586832,1.8639718112128563,-0.356632319359373,0.7192108657699087,-0.5962793970504539,0.7209220502058415,0.847908350910261,0.043876538316944394
0.9601722972724586,-0.09722611860199486,-0.2619470202390555,0.1587660838985635,-0.1339452143331552,-0.9829268225918765,-0.1261488842070475,0.6070501185397899,-0.24520978591356107,0.15621121371728985,-0.9568020785936853,-2.0925563235936595,1.0587224773016901,0.06326026852024057
0.8484198992235918,-0.1310074355522281,-0.5128554634899184,-0.8081929798113886,0.38914925503415415,0.8111561516269666,0.43656449120844937,0.10526996968584562,0.35881266965896436,-0.5699673231929689,0.739182466367032,-0.38377810633038145,0.5867943588635619,0.16244374231837466
0.31201962567927216,-0.6482533499721798,-0.6945583830325662,-0.3032918907079347,0.881597448005975,0.4700679785399455,-0.04268530450543058,-0.47563038231481364,0.35416054673031955,-0.599002245238877,0.7181689337046441,1.2808861664082505,0.6511169055820407,0.08990408430896978
-0.7885653902611928,-0.43201531367744306,0.4376384284205322,0.974112097292736,-0.4154726717122802,0.8989563506767998,0.138780180998984,0.7481682374348376,-0.45337300795533975,-0.07238955950985934,-0.8883764220934142,-0.7848203737389866,0.2753507237300756,0.03536047318339776
-0.04641101848390832,0.7004178543231477,-0.7122224699548899,-0.7644047917693886,-0.6047449074005645,0.5477851353532336,0.57811334741478,0.5318068765867897,0.7950657924576864,0.45754374089413263,0.39815086441226494,0.4114626559367679,0.004371214516268678,0.010460517559825822
0.48776595684449386,-0.33956904125390397,0.8042246188506539,0.5521181721993669,0.8581297101778199,0.017335070081298254,-0.5131402302055521,-0.213256408920934,0.1603052458708254,0.9404213744737946,0.29984974000174386,0.8992573949463454,0.3090683153843531,0.1332097000914277
0.16012333559254394,0.3421698549591485,0.9258943286120468,2.749865866113613,-0.9319486703632921,-0.25673224256141736,0.2560473226524298,1.0044327057823497,0.32531860261412904,-0.9038851398195573,0.2777759183344907,0.4679699975070752,0.14546661546992326,0.01957252221573804
-0.23021341127800843,0.6864884916890406,0.6897357001390086,-0.014102692441932185,-0.03142031673163906,0.7031601624045484,-0.7103369268901151,0.0801269388240311,-0.9726327924577836,-0.18520080125559713,-0.14030721382045477,-1.2352472521340288,0.2654964535334702,0.06966179286020012
0.6112530377522896,-0.5527706757740548,-0.5664047173557906,-0.20080242723183145,-0.10161479227170572,-0.7645585731541575,0.6364940079906933,0.07042064560197758,-0.7848848054524792,-0.33150379819961845,-0.5235084277727059,-2.3158933362054044,0.4138641303794288,0.035505352056849904
-0.4008810942003536,0.6582188294789327,-0.6372145014295506,-0.8935438323421933,0.5317918477715906,0.7335617735084544,0.4231838313201585,0.5014285473381338,0.7459837658799315,-0.16921907979455053,-0.6441064539942765,-2.6185137047033544,0.0652535552677251,0.015303856999243352
0.8782774007060895,0.4778650209295321,0.01654778477540223,0.041241432973389704,-0.47349100723684606,0.8740161661702375,-0.10909632138123135,-0.1303294572333706,-0.06659634730818452,0.08798160628846038,0.9938934366822784,0.9740325937759822,0.0020462976123909685,0.008391474114508862
0.9461166378991223,0.22208504251475625,-0.23567252996834434,-0.6136785355711261,-0.12971029452147073,-0.4069351622320053,-0.9042007593639617,-2.7643405751426995,-0.29671290330151584,0.886048535708079,-0.3562014112604763,-0.7954278440259367,0.33859317675499806,0.030646253139670863
0.9490855419144465,0.28713999661030903,-0.12956564542961618,1.170275843214548,0.26022973460853405,-0.9464225178615119,-0.19121951498277603,-0.8689594602133887,-0.1775306152598285,0.14776684347751318,-0.9729582933580243,-2.329274539053327,0.1704874596230841,0.009206063322646741
-0.6687746841040205,0.2272338168484591,0.707887854382351,0.6645020704558197,0.5559150901628287,-0.47938146510054724,0.6790816029368686,1.5972559964520232,0.4936586213476085,0.8476781248790921,0.19427548010658624,0.11031944719788023,0.8644666699399698,0.10329030299726764
0.844569856179834,0.44811881030359746,-0.29307215815300997,-0.8857068436637037,0.41218172474319936,-0.1947446601829762,0.8900453601462899,-0.1031845600801704,0.3417718300563929,-0.8725044694339997,-0.34918185376333427,-1.9448325060549185,0.624409986414964,0.031222045869221896
-0.7347936926540423,0.4986130106229394,-0.45985138346357685,-0.1670879419103024,-0.513449861719016,-0.8518849580040914,-0.10325336714650585,1.1515009700744496,-0.4432239487398673,0.1602407063261271,0.8819724753639102,2.2043980176485634,1.2479740004205984,0.0672068110658307
0.7191425554185237,-0.2653617997783803,-0.6421970882871506,0.3824972505127706,-0.4294559455467754,0.5568231999003513,-0.7109961426669336,-1.1453452105998752,0.5462614537203232,0.787102940707956,0.28647405625683964,-1.1999398055621842,0.7141064467637065,0.06105031887229898
-0.841570445604826,0.0005207422022895114,0.5401471224694745,0.897785618656777,-0.4802324969406315,-0.4584791951453201,-0.7477790960578303,-0.386720991910063,0.24725681783655806,-0.888704988422175,0.3860926178870569,0.8631018918098536,0.43529193771545854,0.11097397339043143
-0.20875044747541963,-0.8371236940984732,-0.5056156360890531,-0.5259484727183237,0.291611460397077,0.44020604239753824,-0.8492239966002967,0.37547210097700046,0.9334805872881855,-0.32471920333670184,0.15222165463718237,0.621650121836378,0.4248540498106535,0.12594509790885278
-0.6240644271248393,-0.5549483973378272,0.5500689657574976,0.3552770716626967,0.06406378247011361,0.6652680150406136,0.7438509931024786,1.2210457555169811,-0.7787422054653054,0.49945044244258985,-0.3796180092816108,-0.364172804579151,0.23359196212563213,0.07064993830923244
-0.7420470756118174,-0.5245753371837479,-0.41735698531893206,0.27531403867022897,-0.6620335707688734,0.47572753856505984,0.5791328519656305,2.2530869095549084,-0.10525059976534672,0.7060481744678524,-0.7002987123932527,-1.541415628721401,0.2066423066873769,0.009300709168963492
-0.8246997204452511,-0.28142683758437004,0.49058058072531285,1.2720106931349235,-0.5638143780280979,0.34078560960695076,-0.7523154361128105,-0.8151247457417566,0.0445389517873268,-0.8970307148431872,-0.4397182943676628,-1.4931059107146238,0.5480057649228482,0.04577655948156285
-0.26584530262253725,-0.4703400566772472,0.8414906453183989,-0.13291336670194054,0.1716540845411538,-0.8820473399432973,-0.4387794039825613,0.23190227507925443,0.948610115028229,0.027797862935794015,0.31522393386659714,-0.86225180472791,0.30925608349218586,0.09475271280013402
0.24959090028875155,0.34813991284044277,0.9036055464529306,-0.2583981062351858,0.6213048630830408,-0.7733184473241282,0.1263283267425129,1.0678411341607703,0.7427547708378682,0.529884119516379,-0.4093142683586017,-0.055107580039412296,1.5549214825856033,0.17875848279517959
-0.619483699712946,0.45891475430506035,0.6368965332540969,0.8858695825706687,0.17774014209107358,0.8722504067577012,-0.4556178989026547,-1.3567962463381482,-0.7646230363253553,-0.1690457813497602,-0.6219124826922543,-1.4902578446820969,0.712181724224953,0.07646006333099684
0.7760655893185274,-0.6007805036003439,-0.19179412808895807,0.14750105241369504,0.6292991003073407,0.7178087475984078,0.2978812585974098,-0.3521605525791052,-0.04128974967299248,-0.3518712667509557,0.93513729912084,-0.9252552837002292,0.0010727366250047627,0.0005931534924120137
0.6911356750857212,0.4460211006850927,0.5686797485118164,1.9705988774793384,0.7201728731754916,-0.4910882830361522,-0.490085024262894,0.13397196660010213,0.06068369934308235,0.7482629724958083,-0.6606209296001572,0.6206918300628729,0.12357112296052418,0.005649359134837275
-0.9916066508725414,0.09490388329623796,-0.08780377486552544,-0.05398165574073455,-0.10379989187815783,-0.9892489669299793,0.10301487210132025,-0.10306989313797872,-0.07708328217859294,0.11126425465198901,0.990796867801525,1.0134445495962936,0.005519455621126358,0.032961856992539916
-0.5653979220500814,0.7171790926832051,0.40740561945013065,2.1260518403265856,0.7339967072514965,0.6628024953393228,-0.1481272625681314,0.7352447724357809,-0.37626323695706854,0.2152835367371638,-0.9011542461335502,-0.5912262298384596,1.1242092338903642,0.03859949307202973
0.1475368200441271,-0.2495205969856896,0.9570644484104358,0.8126736401026237,0.4871596247609379,-0.8238008610405463,-0.28987521686345835,0.2461769775410944,0.8607603538349389,0.5090104252652983,1.540101013774931e-05,-1.8464626226216858,0.36692794407035934,0.0504805393424375
-0.34129062971422,-0.28485418804727325,-0.8957559922329296,-0.41554585550107803,-0.354620004170337,-0.8435315650473725,0.40335982870256276,-0.13164174512762022,-0.8704971905247605,0.4553159236405633,0.18687442566557716,-1.2305043563941285,0.59618128469086,0.12261252877186846
0.17628959286684576,0.606414875726441,0.7753599022031814,0.22917433851295943,0.9223881206717334,-0.37680045002780393,0.08497985468634234,-0.22693538509285677,0.3436890081025421,0.7002016990528726,-0.6257758754961407,-0.8998507551179854,0.16413503223435932,0.07668739462431577
-0.4140432793684293,-0.7800478349675537,0.4691412771993836,1.1230480465149313,0.8423695908845319,-0.5236592252828168,-0.12725756609815594,-1.4017748596478403,0.3449371466845274,0.34250020574976636,0.8739061585196115,1.5533477366338921,1.1278615981286697,0.05228117908431981
0.11343389194422882,0.6366701720867158,0.7627475625221339,0.7482628545765704,-0.49756415957820455,0.7008990578207878,-0.5110483517722828,-0.6129691070200589,-0.8599782899943579,-0.3215456464034363,0.39628996709149256,0.3614172417745316,0.00828012940481539,0.01641370663511883
-0.43523819012992065,-0.8991100336608928,0.04657107710520525,0.15636797340225872,0.08320448712636885,-0.09167572251029803,-0.9923066941345566,0.08061013593948596,0.8964623423069531,-0.4280148470234682,0.11471076476516168,1.4995863211381237,0.6687783623272551,0.10048204403325574
0.4876496808757863,0.4154039966244492,0.7678784463247932,0.8800415713594254,0.017863528997255473,-0.8841096642669615,0.46693789295957205,-0.4890774966019051,0.8728566222888545,-0.21398509559825704,-0.438556376978259,1.3032907819442807,0.21523108263427734,0.019327072109439222
-0.5982224207282836,0.7683412750651967,0.22755575222169253,0.6551441060843864,-0.1512254339072832,0.17062221261208366,-0.9736626359796862,-0.541323973654815,-0.7869312571486446,-0.6168790364362731,0.014122709651793032,-0.6062415021350525,0.9993792360839037,0.19053088020888054
-0.8650065265347311,0.49246597892751365,-0.09612995709603404,-0.24002842210199937,0.48769321669471394,0.7801335236928566,-0.3918507516906531,-0.01163048656923027,-0.11797896186304725,-0.3858353856368449,-0.9149929069387286,1.0355722472194426,0.019087443052837917,0.010138966744961649
-0.4662578395489376,-0.8693625205638971,0.16374503014731484,0.036121792360647303,-0.3891975283666375,0.03536286021112957,-0.9204752859425334,-2.7881350195945127,0.7944362220924079,-0.49290797919741164,-0.35484195506037114,-0.7582708242604475,0.127816266906305,0.006922180871788415
-0.8441908168088742,0.39862022479044523,0.3583905428489716,0.0010911336893008605,0.04820859370135019,0.7223344044510477,-0.6898615365707009,-1.478567933864761,-0.5338705801117943,-0.5650972699760326,-0.6290049913607452,-2.1607136509688023,0.15642724152119294,0.022250944734237072
0.41648158969051435,-0.5831130391882805,0.6975114830434469,-0.661316359926088,-0.5324724520394958,0.4654077905845207,0.707013915197064,-0.3786330421352331,-0.7368963110695484,-0.6658639290364374,-0.1166578533157952,0.5782261152403065,0.9157152983335847,0.1419590523400755
-0.33041350084057436,-0.7738357922042985,-0.5403749486845422,-0.5919537220219999,-0.37372829375505096,0.633002163394522,-0.6779641757385072,-0.6759942933683537,0.8666914565802608,-0.022055109190407242,-0.49835679111394177,-0.5308922856007676,0.005073053513710876,0.013823333719767577
-0.5569216345052888,0.8301587602107104,0.025975485854428385,-0.08234244794329126,0.15174923796424258,0.07095511377553411,0.9858689266866935,1.0990972393985474,0.8165846323543136,0.5529934942424886,-0.1654923971916949,0.3282574313245515,0.21302828888319247,0.06305758864445209
-0.1735143957437639,0.49959166017463263,0.8487054421609601,-0.038459164868650864,0.6853446895782156,0.6801294846006163,-0.26024323361778184,-1.8048823870137867,-0.7072449440869945,0.5364998203735528,-0.4604047478062425,-1.2307968679335646,1.1982519101156666,0.04221825360856385
-0.6142814743482053,-0.7813844345541132,-0.10998470670572362,-0.0603893260155831,0.713220369096837,-0.6094348787294711,0.3462742174828588,0.07482462757341946,-0.3376018000218108,0.13426650373247803,0.9316638506443672,1.0101830064303505,0.05327769783281682,0.04386483402578873
0.04539960282502417,0.6029584863265385,-0.7964797171492438,-0.9628972773456227,-0.9090750692474556,-0.3056080079938907,-0.2831717922441071,-0.2895418574244723,-0.4141514149873978,0.7369157409207757,0.5342600455275699,0.24838487082441385,0.10754941010067867,0.04886281218049817
-0.9409254544535103,-0.29460502710817965,0.1669346194294156,0.16984249446487656,0.16634226651903355,-0.8315591630183513,-0.5299430240785604,-0.5276816953530339,0.2949398913859667,-0.47086859780920565,0.8314404513050989,0.829468743918941,2.0581557189492487e-05,0.0009936965794005886
-0.11832840743983496,0.161471612386199,-0.9797577794466107,0.8498698150495273,-0.33088993512029335,-0.9367076833746227,-0.11441401462686247,-0.4938187417514425,-0.9362212552750768,0.3106535599350971,0.16426845975661475,-0.1131580511634161,0.19723309416206405,0.03455660373124786
0.9699060644213712,0.12478322863668978,-0.20907264777978637,-0.8643079719233551,-0.23343504553780295,0.7206632596640045,-0.6528036042219862,-0.40113523523787664,0.06921203445507784,0.6819630576662166,0.7281044446129509,1.9610192114945817,0.6906679782973297,0.046119901773118636
0.39292654517011594,-0.9076326295879611,-0.14768798125751378,0.5537806489043504,-0.9107096320813809,-0.3618479322749488,-0.19918343290178495,0.3210265657512562,0.12734479233511142,0.2127653252190942,-0.968769436062854,-1.2411730553743316,0.47251543296237725,0.128763611940712
-0.8591380642610349,0.2590410160786299,-0.44133834925910637,-0.43535681378184227,-0.24183000976003163,0.5545378799246052,0.7962449284662271,0.8032697592720599,0.4509989278449173,0.7908131838289464,-0.4137807092713002,-0.41550673073640476,6.780498051400986e-05,0.00116223408848707
-0.6481102754853303,0.5618037002362002,-0.5141300158629557,-0.2818512156234332,-0.7453349313016329,-0.3293839293241511,0.5796396012045529,0.4159537013763478,0.15629750795172476,0.7588694416722133,0.6322090314952675,0.8843792567663221,0.17428645531513717,0.0743873308378264
-0.108959803445196,0.45070940832025974,-0.8859959314154809,-2.0922586697711254,0.5580684102497491,-0.7098504360268927,-0.42973481119610035,-1.013232473220277,-0.8226101207221449,-0.5412701614942685,-0.17418151900091552,-1.4949498314777045,0.6470343963456177,0.04458659426017903
-0.9115850276810192,-0.11143538768487785,0.39572072434902394,2.0584519456104564,-0.023744780475588388,0.9752274274871865,0.21992646515799386,0.397384464594561,-0.41042529491731056,0.19108537109953017,-0.8916487302989857,-1.3940668603563926,1.7960065918145731,0.09407314043967821
0.8667619572441676,0.4263167325213236,0.2588006048033928,-0.31012100711689544,-0.41873893804807527,0.3402324066376579,0.8419617635236873,1.2323749380020796,0.27089003532177,-0.8381503164981147,0.47341592254325443,0.14424658053447276,0.3077838858582674,0.05849460277011519
0.7284683911168756,-0.18268207874724018,0.6602734745907772,1.5361261145168676,-0.12099556938290892,0.9143323824999341,0.3864665140755404,0.03750934821129759,-0.6743099252816145,-0.361418804735699,0.6439585174917108,-1.119121265350654,0.06379588233189988,0.003920178531408814
0.3362807353375672,0.8728449610294534,0.3536339082247585,-0.20785843806161497,-0.8698228869120932,0.14392379780442963,0.47190474232567475,0.6481453763297107,0.3610033413207374,-0.46629134072062883,0.8076193243875618,1.9036518433878895,0.7756785604282962,0.05308130662805895
0.735224947539591,0.5008940786012424,-0.4566720908240595,1.3407965575092304,-0.13983627324499528,0.7713267040904163,0.6208872137852142,0.3680386338187645,0.6632421075296386,-0.39263244590740054,0.6371417967928453,1.4295005071298585,0.7186957938194648,0.027536553788180308
-0.8098094711137424,-0.5486594365080648,-0.20780145145097983,1.315308123980104,0.19405036842276305,0.0837732520895343,-0.9774080502785586,-2.0335695338428046,0.5536723534812541,-0.831838244471241,0.038627192824911435,0.07598773200854429,1.6030099327646723,0.06247473581583521
-0.518138322117438,0.20240544087913193,-0.8310022362520152,-0.9767343476391044,0.8369164086040858,-0.08036079502333775,-0.5413991758697608,-2.0663617004798858,-0.17636213925490116,-0.9759990676869224,-0.12775842716507418,-0.5399705509726163,1.4705800174708357,0.0827724256752428
-0.15952524792112402,0.10011111703098587,0.9821046072198786,0.48841432273672236,0.6999946962435102,0.7129687115456416,0.04102488985852039,0.3038953562827681,-0.6961028088627856,0.694012521935848,-0.1838137614260263,-0.17475932610616668,0.436539368422957,0.12831530938892138
0.8025647848334493,-0.5965627418499531,0.0016313128778233277,-0.2819224501316269,-0.16636845336643463,-0.22644231963269498,-0.9597111094510811,-0.31026227137453555,0.5728972891100984,0.7699589410584377,-0.2809838522308174,0.7914835189752196,0.45765587356881354,0.1440471495946095
0.9451548234631456,-0.32203147983626756,0.05457183961361295,-0.037291203903599496,-0.30878120269582154,-0.935431577540866,-0.1721102338651852,-0.7604244506806952,0.10647313532564079,0.14582005943583493,-0.9835649351822467,-2.8036498889428896,0.16757768860250338,0.03515062632941648
-0.06759500129865423,0.4065016955444043,-0.9111461393865199,-2.1034539049420102,-0.9932934409001835,-0.1132792858287258,0.023150457161964084,1.2475742693556786,-0.09380328386633903,0.9066003391360816,0.4114325813717634,0.4944202208848829,1.6272042701078726,0.07287234717274399
0.02500768113020371,0.6822875729616831,0.7306560638676355,0.07931760930174991,-0.9929857642417805,-0.06753338535850786,0.09704902820320442,-0.6050931741974612,0.11555902343675778,-0.7279580411287971,0.6758129937033378,0.33344031946220015,0.760382271754526,0.15953730869070404
0.5047673618665003,-0.5682287451094636,0.6498661428522473,0.25621890724214325,-0.5395127504243592,0.3800236549073421,0.7513374833191862,0.13993859292054256,-0.6738960621074117,-0.7298617094643268,-0.11474311540974443,-1.4213214363224842,0.7562766841100573,0.1336331816251638
-0.8371656078363848,0.03025374693617291,-0.5461121275454868,-0.3388005272955392,-0.18645061578913416,-0.9544488138949032,0.23294555056164004,0.7529784771099544,-0.5141885966528125,0.2968369458994868,0.8046725511792212,-1.0163073627698374,0.33919005580427136,0.07258346770985993
0.345315638281976,0.9383937891438773,0.013198729261092718,0.4655976231717372,-0.6112604355299737,0.2142190812005861,0.7618863860217504,-0.6040881419669835,0.7121220330207585,-0.2711591446840264,0.6475761950076676,1.0155656367094945,1.2210719782204673,0.18861409642173294
-0.40162227431975717,-0.9126693343580357,-0.07572473105059911,1.2971793036657326,0.4833140533389079,-0.28146335730287986,0.8289667691415057,0.8849194577248228,-0.7778862864296688,0.2963326924560491,0.5541478690443623,0.956340512538518,1.7631824792705986,0.14027126146527633
-0.5608597861844166,-0.11599664829760577,0.8197445198504789,1.7259583281151305,0.8144509979374049,-0.25511693529745316,0.5211381019299974,1.2023330581553355,0.1486804365070807,0.9599271466669523,0.23755841574633235,1.859563755702276,0.36624321079835453,0.026198327296465745
-0.3623635500933782,-0.3816049672443081,0.8503354082585262,2.0324486501872725,-0.17488211741006177,0.9239748409971617,0.3401275322793541,0.8079001269531997,-0.9154828794542788,-0.025458636623753726,-0.40155068826657797,0.18081704531023707,0.5519527617724862,0.03952485297813763
0.0057065944266380215,0.9986914339320693,-0.05082179228202574,-0.5992648834391034,0.6088175823049434,0.03684787682987003,0.7924540273413304,1.2340244768810902,0.7932897240330381,-0.03546341444133977,-0.6078106283866286,0.8634835723381012,1.4298458633061917,0.10969257308857931
-0.17558218974303147,-0.8165873045860926,-0.5498691377353907,0.281269056688519,-0.6101973148913017,0.5285849897972356,-0.590133159092507,0.8488582963606774,0.7725478182899022,0.23191179907429557,-0.5910894906066558,-0.09839163011076546,0.684684000066049,0.13633302873226916
