0.7724080171747051,0.5382912623420574,-0.3370880773483912,-0.3372298239895079,0.4504578498569062,-0.8384536206375098,-0.3067299325826282,0.014706808335692656,-0.4477427615344927,0.08507668849952406,-0.8901058232409342,-0.43428240744696966,0.41020323497617106,0.1416029119367304
0.2048482285947753,0.8647351662073133,0.45855239129895814,-0.32709961287757333,0.8998190914916412,0.017985986082178346,-0.4358923111180203,0.366549295224899,-0.38517892703098405,0.5019059639305571,-0.7744208142490735,-0.9580044354262894,0.8326906550728744,0.20721905404978594
-0.4925532657443344,0.07899177929767479,0.8666900133311671,0.6795867505237021,-0.6842374758348511,-0.650539670723091,-0.32957125705777834,-0.7883941831942876,0.5377828158910836,-0.7553531860122652,0.3744745749892471,-0.2915048912218213,0.3575983598499426,0.11525218725759225
-0.11570768844088894,-0.10389133462122153,0.987835169158442,1.6115952477397797,-0.837141352016725,0.5454711421487423,-0.04068893985540416,-1.0644186169162988,-0.5346083497096507,-0.8316656922547474,-0.15008693729687386,0.1792864763156695,1.720250964665442,0.15758829873827476
0.6898532877445045,0.3687087471093651,-0.6230219106846405,-0.3605242386637202,-0.6215617621128544,-0.1395654409903628,-0.7708323187051315,-1.388366687594218,-0.37116494617253604,0.9190078059985171,0.1328955802370064,-0.7725877925957344,0.9512461998696318,0.13324565007125708
0.34331153605796294,-0.321976713337413,-0.8823084411236014,0.4598341705420136,-0.8863448757484063,0.1996874359393563,-0.4177531438092451,-0.6439846736136364,0.31069269454569476,0.9254490391136634,-0.21682740961311298,-0.4003917476358839,1.9021812572546835,0.188411544947244
0.04828443103080783,-0.842030756336014,0.5372641986064505,0.600246856667879,-0.9967553083943642,-0.0059386332048782945,0.08027196162617269,0.024134581961500548,-0.06440084555102513,-0.5393968279660702,-0.8395853697346416,0.6733794778854127,1.2243180133660272,0.18871724097884754
-0.8969873259050855,0.2460600202331351,-0.36724406545036636,0.578001798995531,0.10471242779041012,0.9253884980426076,0.36426835596395823,-1.0116777223391242,0.42947531318095816,0.2882890808430246,-0.8558272963833312,-0.08230659240157145,0.8546345954115089,0.12013271547986133
0.13278051713249944,0.7136830004042437,0.6877687905132234,-0.5348530503967527,-0.35771865217593357,0.6816495449984122,-0.6382720922058953,0.4614819269180228,-0.9243412249572445,-0.1612776262767213,0.3458075000735046,-0.6154436293176009,0.5842088812976649,0.1303658060698087
0.38059883278018386,0.70895518170586,0.593739908393206,-0.31537660756217323,0.23470237958123966,-0.6950941595137251,0.6795284412214192,0.18413800675032593,0.8944603521147627,-0.11927556221757726,-0.4309454939460622,0.7072505264559146,0.781530811524879,0.20046222276976516
0.3006190293108597,-0.9353891954472561,0.18621292183071333,0.9670287635878881,-0.3299837444360953,-0.28519437169085404,-0.8998749350680865,0.5934219518853047,0.8948401687587177,0.20907229227325644,-0.3943980844013771,-0.9975122568024726,1.351317201445842,0.11913817094047649
0.8484198992235918,-0.1310074355522281,-0.5128554634899184,-0.8081929798113886,0.38914925503415415,0.8111561516269666,0.43656449120844937,0.10526996968584562,0.35881266965896436,-0.5699673231929689,0.739182466367032,-0.38377810633038145,0.5867943588635619,0.16244374231837466
0.48776595684449386,-0.33956904125390397,0.8042246188506539,0.5521181721993669,0.8581297101778199,0.017335070081298254,-0.5131402302055521,-0.213256408920934,0.1603052458708254,0.9404213744737946,0.29984974000174386,0.8992573949463454,0.3090683153843531,0.1332097000914277
-0.20875044747541963,-0.8371236940984732,-0.5056156360890531,-0.5259484727183237,0.291611460397077,0.44020604239753824,-0.8492239966002967,0.37547210097700046,0.9334805872881855,-0.32471920333670184,0.15222165463718237,0.621650121836378,0.4248540498106535,0.12594509790885278
0.24959090028875155,0.34813991284044277,0.9036055464529306,-0.2583981062351858,0.6213048630830408,-0.7733184473241282,0.1263283267425129,1.0678411341607703,0.7427547708378682,0.529884119516379,-0.4093142683586017,-0.055107580039412296,1.5549214825856033,0.17875848279517959
-0.34129062971422,-0.28485418804727325,-0.8957559922329296,-0.41554585550107803,-0.354620004170337,-0.8435315650473725,0.40335982870256276,-0.13164174512762022,-0.8704971905247605,0.4553159236405633,0.18687442566557716,-1.2305043563941285,0.59618128469086,0.12261252877186846
-0.5982224207282836,0.7683412750651967,0.22755575222169253,0.6551441060843864,-0.1512254339072832,0.17062221261208366,-0.9736626359796862,-0.541323973654815,-0.7869312571486446,-0.6168790364362731,0.014122709651793032,-0.6062415021350525,0.9993792360839037,0.19053088020888054
0.41648158969051435,-0.5831130391882805,0.6975114830434469,-0.661316359926088,-0.5324724520394958,0.4654077905845207,0.707013915197064,-0.3786330421352331,-0.7368963110695484,-0.6658639290364374,-0.1166578533157952,0.5782261152403065,0.9157152983335847,0.1419590523400755
0.39292654517011594,-0.9076326295879611,-0.14768798125751378,0.5537806489043504,-0.9107096320813809,-0.3618479322749488,-0.19918343290178495,0.3210265657512562,0.12734479233511142,0.2127653252190942,-0.968769436062854,-1.2411730553743316,0.47251543296237725,0.128763611940712
-0.15952524792112402,0.10011111703098587,0.9821046072198786,0.48841432273672236,0.6999946962435102,0.7129687115456416,0.04102488985852039,0.3038953562827681,-0.6961028088627856,0.694012521935848,-0.1838137614260263,-0.17475932610616668,0.436539368422957,0.12831530938892138
0.8025647848334493,-0.5965627418499531,0.0016313128778233277,-0.2819224501316269,-0.16636845336643463,-0.22644231963269498,-0.9597111094510811,-0.31026227137453555,0.5728972891100984,0.7699589410584377,-0.2809838522308174,0.7914835189752196,0.45765587356881354,0.1440471495946095
0.02500768113020371,0.6822875729616831,0.7306560638676355,0.07931760930174991,-0.9929857642417805,-0.06753338535850786,0.09704902820320442,-0.6050931741974612,0.11555902343675778,-0.7279580411287971,0.6758129937033378,0.33344031946220015,0.760382271754526,0.15953730869070404
0.5047673618665003,-0.5682287451094636,0.6498661428522473,0.25621890724214325,-0.5395127504243592,0.3800236549073421,0.7513374833191862,0.13993859292054256,-0.6738960621074117,-0.7298617094643268,-0.11474311540974443,-1.4213214363224842,0.7562766841100573,0.1336331816251638
0.345315638281976,0.9383937891438773,0.013198729261092718,0.4655976231717372,-0.6112604355299737,0.2142190812005861,0.7618863860217504,-0.6040881419669835,0.7121220330207585,-0.2711591446840264,0.6475761950076676,1.0155656367094945,1.2210719782204673,0.18861409642173294
-0.40162227431975717,-0.9126693343580357,-0.07572473105059911,1.2971793036657326,0.4833140533389079,-0.28146335730287986,0.8289667691415057,0.8849194577248228,-0.7778862864296688,0.2963326924560491,0.5541478690443623,0.956340512538518,1.7631824792705986,0.14027126146527633
-0.17558218974303147,-0.8165873045860926,-0.5498691377353907,0.281269056688519,-0.6101973148913017,0.5285849897972356,-0.590133159092507,0.8488582963606774,0.7725478182899022,0.23191179907429557,-0.5910894906066558,-0.09839163011076546,0.684684000066049,0.13633302873226916
0.8004958882892509,-0.5620351845458113,-0.2081412601205225,0.5041315245734904,0.5693882817228819,0.8215701486998821,-0.028626480781221604,-0.6529390296584447,0.18709173543656957,-0.09559781429410057,0.9776797739717864,-0.1402397231556609,1.276119125938797,0.2834605581118531
-0.06121364345987187,-0.9510879203624204,-0.3027947449924684,-0.05703720689579306,0.6909453145646817,0.17854879779626578,-0.7005104560865749,-1.673799929886188,0.7203106705689434,-0.2520954076261496,0.6462201198649921,0.30526855933968655,1.373647935893009,0.17596127195481287
-0.5096168518120681,0.8604000609026535,0.0015490474062633832,0.3827397760515361,-0.7580753012709699,-0.44985976355576224,0.47217372940103486,1.1614360241796273,0.4069551596332017,0.23945339490653253,0.8815041518425489,0.7758145361952039,0.8028818690238393,0.13584967976839682
0.6652696630948886,0.7038077272045085,0.2491404392964692,-0.09873467741237371,0.658942128023023,-0.3966140334778352,-0.6391342428355193,-0.15975622067711132,-0.35101502429682896,0.5893657536501987,-0.7276238459136902,0.6559219868131473,1.0516936862963329,0.24705904418567887
-0.8247116409099725,0.33286189420471074,0.4572238715706261,0.8826320099896066,-0.5325875403590093,-0.1851147025029605,-0.8258831992307271,-0.1166718568126267,-0.1902661851247381,-0.9246272255907741,0.32994434757150565,-0.04296852973457771,0.5259303357682368,0.16563660885412912
0.281363315661028,0.7307814823071204,-0.6219269327800819,-0.15282305882249003,0.13882832893632568,-0.6722905629798606,-0.7271534184840017,-0.35662351227304523,-0.9495058607954878,0.11825322002055631,-0.29061107389394125,0.9780349044916964,0.7092451099097575,0.19127679078319088
-0.08558200315075964,0.32733786898210016,-0.9410237192903061,0.06829965351018785,-0.9328530381327331,-0.35806147729204985,-0.0397138228575957,-0.4802633128735603,-0.34994418123928417,0.8744380469819988,0.3360017440536206,0.45478204915014964,1.3792576536772994,0.19344911814911595
0.7956902441042459,-0.14564434373124985,0.5879326156766772,0.029562939496770135,0.052141763153352234,-0.9505867435614231,-0.3060491455641551,0.19490354647337138,0.6034552775248434,0.27417616253858257,-0.7487784451511885,-1.2777463488051444,0.7146684169029065,0.15275421084412596
-0.901312470348079,-0.42359059688861017,0.09059159465752788,-0.6925469022311753,0.43131248376702913,-0.8582580771523601,0.27814135677645935,0.47100639979257997,-0.04006709549941234,0.2897655590823113,0.9562586201587708,1.1381424274887002,0.4430878632109378,0.12519615242635923
-0.4741558066269366,-0.8697469033931721,-0.13680860747755474,0.26908542586701395,0.7499182013539102,-0.3175444539606402,-0.580334568190587,-1.32985139041737,0.4613013790572011,-0.3777642701432037,0.8028045801333579,-0.23818576408063064,1.3991015226532864,0.2000037669244535
0.9522872207511373,0.06048475963259966,-0.2991498672008088,0.2806868241595853,-0.14675214780422685,-0.7686764255042984,-0.6225755857635129,-0.10172363193973233,-0.2676057852680344,0.636771659801315,-0.7231244685149002,-1.2753761110936583,0.8545073353507667,0.18574738711741706
-0.3422833357285594,0.5626027619347133,0.7525425239453003,0.13268305905034428,0.8147115459397457,-0.2212763556207065,0.5359868201324437,0.4875713261574399,0.46806753251534144,0.7965644397703499,-0.38261975680608645,0.07397364079539726,0.3735316127315614,0.1234126499184946
-0.8785918938456074,0.3820804794552638,-0.2865149058740658,0.025476357620530687,-0.11389432191671181,0.41499375026649415,0.9026673089654258,0.6780892871326655,0.46379345349403267,0.8257086014200087,-0.32109334785556076,-0.00608474188104513,0.26069448483533175,0.11265722875411481
-0.3668066506073854,0.9022973533964843,-0.22652233250585194,-0.33477349077469015,0.8727202541031928,0.24941597888194553,-0.4197034995760935,-0.3484503037029824,-0.32219906757818295,-0.35164066251225995,-0.8789406153544667,-0.2972759359547237,0.46629842368063623,0.14291008548503287
-0.8588984791854822,-0.13671693041971641,-0.4935604151362586,0.8788906858947899,0.4932410925786028,-0.48023999548289303,-0.7253156356583368,0.32263564755762486,-0.13786452424293852,-0.8664167748117538,0.4799118098985135,0.8114264341211127,1.825846811090021,0.13294922869741324
-0.8500586084872496,0.5265737437371091,-0.010975178513641994,-1.231257936293283,-0.47442134316899504,-0.7745855765586857,-0.4182601746915131,0.1445504764940413,-0.2287460410202712,-0.35033880315194,0.9082609601450559,0.9979580165753412,1.8849565512465005,0.14379814863945356
0.055656487000531614,-0.34054636808155464,-0.9385789932878436,0.6745765738959303,-0.3820532469621835,0.8612307306347587,-0.33513720338985403,-1.0216653780085094,0.92246282957115,0.37723971131998,-0.08217376870270517,0.08849245805104587,1.0618038881985725,0.11700390532521925
0.974916898159618,0.209726142497079,0.07451165570649766,-0.3279379658540007,-0.20534607698053528,0.7184413364463829,0.6645863636532421,1.8183092012328492,0.08584888089854652,-0.6632171524006522,0.7434870398399943,0.6623940884784701,1.6955672798305887,0.15964497613088782
0.13930973003760552,-0.8445780107717266,0.5169920529734695,0.07975946872213469,-0.23813618453143195,0.47818867582643404,0.8453559888757951,-0.18972075369760444,-0.9611888247028578,-0.240880829524134,-0.13450824968790498,-1.3234264607262887,0.49292141467263295,0.12773024651615136
-0.1786120172896861,-0.10870911651630555,0.9778957384434975,0.29847576452448454,-0.09323750935179242,-0.9875352500016512,-0.12681047612106267,0.697250608122812,0.9794919673634814,-0.11382643801165218,0.16624989587965527,0.7570989960128314,0.31212795045575964,0.1316262684300328
0.6592660596532405,0.520781793170431,-0.5423601999515455,0.7667342037851417,0.584932923768096,-0.8084511223794492,-0.06527064742681653,-0.6273005997459972,-0.4724634771931019,-0.2742136149530136,-0.8376068027977112,-1.325417572633856,1.4030605539103083,0.16115589310804404
-0.17913463784608605,-0.7450968801759593,-0.642449547183126,-1.142788475556629,-0.017030454803412004,0.6552629177880794,-0.7552088930759765,-0.4773779312998623,0.9836771549308952,-0.12434286358253382,-0.1300696242139373,0.9489675148132107,1.2006535458285994,0.17875459086169374
0.48722825293916744,-0.6008926462361275,-0.6336692017426685,-0.5170095341260851,-0.2737540206746489,0.5839525023179815,-0.7642370124516553,-0.7339627638938355,0.8292571167631366,0.5458273561630195,0.12002137960287598,-0.9031409735874982,0.7740469741336178,0.19546053425255086
0.6391889463693329,-0.4761634146464682,0.6039088452667983,0.5333945836716862,-0.45874311012848445,-0.8663340737258226,-0.19753488707381683,-0.6708886144070834,0.6172456964199161,-0.15077690557189458,-0.7721878495529807,0.3698406645358,1.1128109047683608,0.19570127607566537
-0.9282472103626949,0.36914849014590506,0.04567831736035793,-1.0950309315715643,-0.02266722074330824,-0.1787134644165157,0.9836400229453971,0.5329678524939743,0.37127255966156314,0.9120257067973717,0.1742578451120795,-0.5767086493149065,0.9873931656564554,0.1583034848956993
0.17968840698657632,0.41346450934575263,0.892613676741569,0.021188046381028114,0.480569239871905,0.7548437936501543,-0.4463900232720064,-1.2882566322771962,-0.8583503259646178,0.5091737883074098,-0.06306164616559827,-0.905283370394615,1.0559400230893832,0.11718039566731342
0.24151333416189666,0.06579580456719485,0.9681643566685149,1.542018047770128,0.9019751999880743,-0.38321808793647705,-0.19895887938160553,-0.2723620522949467,0.3579274340260574,0.921311461547975,-0.15189846211155733,-0.9528000787608779,1.2743405853116478,0.1488561902422958
0.5134678592938986,0.779801894109858,0.35813372281149225,-0.8507327678258576,-0.7249051503136398,0.17084232198459984,0.667327074280423,-0.2720615928151513,0.45919851972855946,-0.6022639844466776,0.653004450610799,-0.25633669966748096,1.0661245843197804,0.1440228012835858
-0.4165348595600855,0.567356196477511,0.7103560072877765,-0.45770829026446436,-0.47847523408608056,-0.8012045374679466,0.3593504410836921,1.2854222145033019,0.7730201557123398,-0.19020577136182187,0.6051955084128798,0.5467793306366424,2.034191757999777,0.12164418159165763
-0.31397188589768277,0.9477426059590623,-0.0566180864722398,0.6058498565080922,-0.19399781664365978,-0.005664335817908752,0.9809856076605992,0.9879506511031177,0.9294011523574442,0.3189856864338391,0.18563843849533712,-0.6994488104533144,0.9978814560939206,0.1760975938269974
0.02634937992968399,0.4748601608343192,-0.8796667197465897,-1.9332821227995642,-0.49134833419216944,-0.7601865122677498,-0.42508032305997695,-0.9515255636646662,-0.8705644862179373,0.443423380324717,0.21329130577100408,-0.910042605258219,2.026902869189124,0.11340381343935639
-0.29485117487113144,-0.8649481552010939,-0.4061126364585791,-0.12652277468556744,-0.8740397344375633,0.07237609691556254,0.4804333910331201,1.341378934041261,-0.3861571277361422,0.49661493071543233,-0.7773392330823649,-0.7593208303513385,0.8135158887541638,0.15988194861076407
0.45212989653259894,0.6700341990612059,0.5887552367069271,-0.336458587896417,-0.28292886894872865,-0.5182529856350062,0.8070719286382071,0.15562164917953947,0.8458899525214937,-0.5314772007986894,-0.04474565067551159,0.5395161269625137,0.6991682033058315,0.22050563524331016
-0.8710308829517064,0.3714734358005299,-0.3214229105694244,0.19707570956709397,0.07515506921058618,-0.5458466267148308,-0.8345077445272704,0.46655828107720465,-0.4854450705448792,-0.7510385786353385,0.44753115744614647,-0.40745240109554015,0.8438503718386132,0.20279180050863865
-0.684148790915915,-0.6897117128529114,0.23714591508561714,-0.7671108958816145,0.6708724265239394,-0.7226677030810805,-0.16637781779250743,-0.4185775215513011,0.28613042344038386,0.04526747261575571,0.9571208057005179,-0.37033009282384566,0.6501996311571604,0.13829157050408353
-0.7380290392355673,-0.2203478683451465,0.6377773546942347,0.2644972323845393,0.07723275044765587,0.9113821900674521,0.40424943523293244,0.05324617039126878,-0.6703344236299638,0.34760512157274787,-0.6556084501843151,-1.530615838563048,0.8157775014209829,0.17960811079540884
0.9550253479015584,0.15550696101338712,0.25247607795965216,1.3791023126661066,0.2960382336361668,-0.4513000288541699,-0.8418370674790957,-1.3799591271244491,-0.016969062763917128,0.8787183104002136,-0.4770389731209685,0.3185734198550972,2.163643667115526,0.1465969315238157
0.7439767843203675,-0.019825525171790745,0.6679112912236086,0.3706538127299804,0.599171493574058,-0.4226760665248091,-0.679954751491118,-0.7594793461432082,0.2957905774032669,0.9060639554351437,-0.30258229125423725,0.26836356879585527,0.34557909522120994,0.1391898086431314
-0.9179409649168117,-0.39647768303321346,-0.013777945572830415,-1.6671289783326633,0.396555452247234,-0.9160225613001028,-0.06038576390334977,-0.11114886291878434,0.011320698767513201,-0.06089428582235128,0.9980800207065571,0.9207212775646592,2.072823924864872,0.12839089687554783
-0.17116243692624122,0.9828657122632043,0.06839891697106427,0.28576046582572184,-0.8944067792959416,-0.18412284910113708,0.40759696955245006,0.10406657928688884,0.41320688926363686,0.008588835556928241,0.9105966717316974,-0.5357478797171032,0.7663456080789275,0.2363540021604894
-0.6825853730394138,0.6946967593673016,0.22687798711469073,0.23627860554010224,0.47223734911191523,0.18235604325937646,0.8624025507792376,0.44510545922120776,0.5577356852635443,0.6958036260406767,-0.4525353238944455,-1.377758469932069,1.006452156756681,0.12092841542549995
-0.7589472090016817,-0.45040247683384066,0.4702517866106404,-0.4588532810668524,0.5626611276022839,-0.09013336072718109,0.8217593521033699,0.12251842993969575,-0.32773707363355176,0.8882643672612144,0.3218304280520262,-0.2293378082725872,1.4503677466588203,0.23022807227680242
0.02328382607826572,0.8538907541164256,-0.5199311910990138,-0.45543766668956165,-0.686429458221986,0.3917580999739465,0.612650136692937,1.8982559382139157,0.7268235427724035,0.3426312465892237,0.5952573951934461,0.7767327102015855,1.7986079600757712,0.1446061947824932
-0.8819567578857765,-0.19514183516941672,0.4290360607062323,-0.7165440883735745,0.4609042165294709,-0.16667354369727289,0.8716577499321324,1.0949884285701343,-0.09858793234957484,0.966508972538851,0.2369405528754632,-0.19455892701781022,0.9778223804828512,0.16553212332763853
0.5965057192583589,-0.5227820754691845,0.6089990381439037,-0.5671000852449386,0.5926096977762283,0.7986046292817105,0.10509230319766166,-0.16854365958149803,-0.5412898234713409,0.2982105760330338,0.7861779565393645,0.4193807437880728,1.41240389025779,0.2575263489299878
0.4975417445192777,-0.7109721978218154,-0.4969615139878853,-0.08758139966780659,-0.5931477005628345,-0.6968838392664228,0.40314850847586264,-0.15601592142021875,-0.6329518289552024,0.0941883670827135,-0.7684403254180224,-1.0858209572621083,0.7626761558553693,0.1683668216526685
-0.7280143911023066,0.15581367031334586,0.6676205108378724,0.17690583258537507,0.5439139407014358,0.7240659301243395,0.4241298786265948,-0.8247860835494991,-0.4173160330715471,0.6719007582795684,-0.6118796446726824,-0.05885480704172097,1.0531665392924454,0.21032119591111081
-0.28002988415343055,0.902741102196084,-0.32656050953355575,-0.47939366041905873,-0.65194441154623,-0.42852718199522455,-0.6255660944655422,-1.6236701410389802,-0.7046642805156625,0.03772209825859113,0.7085374337805399,0.2968386182986267,1.434648332198085,0.1746389169187751
-0.27166330792465054,-0.4345068084512186,-0.8587216548666818,-0.9725502410978463,-0.38136790310693974,-0.7706271581069679,0.5105803616158715,-0.9421518701724243,-0.883604871878405,0.4661948268669595,0.04364417252318167,0.8124603165101983,2.169389694616918,0.13253197818472384
0.4386377902895423,0.6357541258267898,-0.6351484711656965,-0.5601120205764707,0.6708336787049008,0.2386499818345434,0.7021597835860595,0.0387863085760809,0.5979791505104146,-0.7340728013382503,-0.3218043782956602,0.00047675530749125006,0.6058830192254617,0.2150364710884591
-0.6573325211497062,-0.7021558707286247,-0.273662364676435,-0.4128849190584946,-0.12078629686509433,-0.2602806601350063,0.9579481449688719,1.8110679108195367,-0.7438579347755784,0.6627451328836842,0.08628013508565702,0.9647386343202154,1.5520261853811272,0.12545921432013926
-0.10828198362823055,0.8186806416579487,-0.5639477094519179,-0.07024722657493271,0.5768477534811925,0.5137566787756377,0.6350596383940073,1.6105618592580742,0.8096429344626165,-0.2565464519106733,-0.5278846812390069,0.2340494835615513,1.803774440752387,0.186733767803161
-0.23519837720792475,0.8294397566063832,0.5066669650959122,-0.24200812831059815,0.971296433919044,0.21965448060245632,0.09129702408848406,-0.4044730961878338,-0.03556628761772615,0.5135967282917686,-0.8572942551266073,-1.7587385414196732,1.6059580680745411,0.11291075258481718
0.3821201498013318,0.9123346567813252,0.14707027283414362,0.12314132993622792,0.9178627517550372,-0.393176499096212,0.05422369868533131,-0.8344830801239423,0.10729473452354914,0.11427035746049005,-0.9876386613278021,0.47799404258558553,0.7760709933424634,0.17293903276905573
-0.504941594581334,-0.6325546712851543,0.5872891739994788,0.928185597682577,-0.6076689766839038,0.7437261885640457,0.27858530330929965,-0.7054079274584802,-0.6130027739232481,-0.21620810410187613,-0.7599221373819002,-0.99161013469785,1.3484532443121604,0.18600222461237625
0.3259428747302649,0.9416291293433158,-0.08423672111804664,0.8584423838975441,0.10030637897846187,-0.12304489278130072,-0.9873188870353221,-0.554514217559205,-0.9400531223015005,0.3133600758434088,-0.13455701437908416,-0.19961384444797056,1.040488068149853,0.20457524183208375
0.46019300821726583,0.8858915195350618,0.05846888748559084,-0.40660291342770094,0.3933242427717335,-0.2624747859559781,0.8811373484227111,0.777507261843271,0.7959387132411553,-0.38249601612725687,-0.469231672429293,0.4452498810234268,0.9746559122258829,0.15084014789463673
-0.7221289104541849,-0.5974170542888004,0.34874446222290634,-0.6481175717777395,0.5413117041524397,-0.17411778589625262,0.8225962773938188,1.9891532958595142,-0.43071043130371645,0.7828000126976744,0.449124330766757,0.6050556614744673,2.0803066461379167,0.11356670208619142
-0.04058974434388245,0.7624783576891885,-0.6457392869492271,-0.2831430772401167,0.9292285958508536,-0.20874557504216595,-0.30489260659019973,-1.6577714167374078,-0.3672692327260059,-0.6124149238513981,-0.7000437641583113,-0.06188688316222912,2.0618118799293086,0.15596133772354082
0.06903436340766952,-0.9129104319472926,0.4022795047112212,1.140879517842436,-0.6915375137708643,0.24684690593939268,0.6788537928565771,0.4580515598718903,-0.719034160326552,-0.32505560796570826,-0.6142708913936378,-0.12350901470885556,1.0746561812700843,0.18093861693105706
0.7465312483608725,-0.014285899803129035,0.6651969695417833,-0.3182860819181007,0.3559112367183941,0.8532802649234813,-0.38110363560283284,-0.10791783216737533,-0.5621550380440797,0.5212568489323941,0.6420848936415893,-0.20958239773351062,0.734954518188308,0.1503372300777554
-0.24999779296962393,0.5606814072740497,-0.7893905643263722,0.44650020658607004,0.939031353720643,-0.05836276272837581,-0.3388420054483924,0.44665135603355965,-0.23605342666416462,-0.8259722437611948,-0.5119068590048421,-0.03803033791758742,1.420031769673276,0.23007443371157435
-0.06921863001904205,0.3614137499886721,0.9298327175236483,0.6271035285078796,-0.9803520220902612,0.14793544290027447,-0.13047995063394105,-0.9196774834115814,-0.1847124631469762,-0.9205950282578249,0.3440728119238015,1.49902924043345,1.2961828294337951,0.13299689136004167
0.6237867474580608,-0.053313483993926075,0.7797741763614149,0.32913377971292335,-0.7736109652676052,0.10011812798420183,0.6257015541507494,0.7227919873034461,-0.11142786057991827,-0.9935461906088556,0.021208465602534997,-0.41423703835438935,0.5630297876117907,0.137708404829454
-0.19546743896735996,0.9400624512140501,0.2794191620504451,-0.21578322644059156,0.006876591331039194,0.28622189688268357,-0.9581386842396797,0.14798608966683857,-0.9806860826968062,-0.18536346339640378,-0.062411486462691936,0.6753761456582944,1.898962135562776,0.21141999373260878
0.14423123514795616,-0.9201547479424631,0.3640227886364219,-0.4095220493663603,0.9614058482251159,0.04320146371309814,-0.27172123312614227,0.04782466577751254,0.23429926548378355,0.3891643269519805,0.8908731564155312,0.749263772083809,0.47424017082646136,0.20148202666282988
0.08674984997184286,-0.26688666645784426,-0.9598155920784377,0.09927672931900067,-0.6375069182040318,-0.7552254595544625,0.15237924557743598,0.17930955114835667,-0.7655451605044999,0.5986702034574378,-0.23565779155455338,1.0823070780489914,0.2818557872157879,0.11675806393231544
0.4365069801102264,0.5232139059059577,-0.7319213516366919,0.475914498598924,0.8903817617759344,-0.13443153117607368,0.4349120390635785,0.23234980102668112,0.1291587186829974,-0.8415315633369245,-0.5245404210314762,0.7071000826412314,0.5799151844746279,0.15992686703328837
-0.9290199780416925,-0.16853685092799317,-0.3294195050064411,-0.5906014239459337,-0.33944495697042243,0.033762918067731,0.9400197798721577,0.927473903061713,-0.1473058097522339,0.9851169449577177,-0.08857540951309006,-0.5142418382558283,0.33917487901459414,0.1192247704103426
-0.15778930126913035,0.5377758705648207,-0.8281905876326106,-1.2529459018950615,0.6747722111663825,0.6710588983909518,0.3071846642134872,-0.5452443347372361,0.7209611636160649,-0.5103695405572038,-0.46876212798049105,-1.4656468400498512,1.2499533820607351,0.11667200888640288
-0.871574807060518,0.3108775024011764,-0.3790943605465889,0.05248702623388962,0.3571502007732556,0.9323328996225014,-0.056560572567131255,0.777940480151837,0.335858734864889,-0.18469039710365323,-0.9236278295031235,-0.8509926856506695,0.8775904714242821,0.12961989814308553
0.9018348423051055,-0.1751417666367778,0.39499275788788096,-0.6574867890743028,0.3420409568612525,0.8479521669182102,-0.40495074570637685,0.7776940849843117,-0.26401117596413326,0.500302392756681,0.8246184661817701,-0.12440558183587613,0.8187033503525235,0.11431151403662647
0.579471695273116,0.3339521778606218,-0.7434302235445155,0.042010681420711404,0.8147050965999835,-0.26157882516973263,0.5175249982337412,0.2504895749918312,-0.021637004212973796,-0.9055674801609044,-0.4236500665923679,-1.4096939086831164,0.6093814233564202,0.1266216231297257
0.43350935885498654,-0.8566586362308977,-0.2796526716413719,0.7145417610227207,-0.5947907907148766,-0.5051349034364954,0.6253500176788792,0.8550135537631627,-0.6769738185970787,-0.10476025153282598,-0.7285133757405339,0.11888919476431525,0.8412952882322728,0.17464665014287684
0.211454213782782,-0.5891194382387108,0.779888070791451,-0.5004068881822349,-0.844615600074903,0.2913981016116095,0.44912318409013546,-0.15149085184251548,-0.491845101209331,-0.7536746206861791,-0.4359621113697003,0.7583244908510944,0.7885760605247768,0.14929218466214794
0.7557644461661452,0.595290391775033,-0.2728542676439343,-0.007821812972436226,0.6228856031957071,-0.7820817441865379,0.0190176429050216,-0.9837848245148758,-0.20207332145214052,-0.18432985344341402,-0.9618673910091919,-0.7090341601327753,1.2473286728131419,0.21083456769436687
0.8469171473312676,0.012857747795168713,0.5315693970479342,0.6174210806219436,0.477207730727336,-0.45932395417486066,-0.7491957600355443,-1.2875754330413343,0.2345295872386568,0.8881757615713267,-0.3951451496182875,1.1403565664671333,1.5057087763414743,0.13106196931261296
0.42437577006726207,0.3886284162623597,0.8178466603546342,0.3631985528447549,0.8283542334545886,0.19815506647197892,-0.5239883906627574,0.04490207189170414,-0.3656972377495884,0.8998347202152713,-0.2378297849249021,-0.14899264195560386,0.5051936381244974,0.15416397075144625
-0.10243653819809223,-0.8478172765544616,-0.5203005104915488,-0.037128946908928984,0.16869473267493595,0.5006696514457816,-0.8490418053835109,-1.1349480155398473,0.9803309863559972,-0.17474485885694968,0.09173544295059592,1.1140740958524609,0.9850487158512342,0.15237708896034322
-0.18446255285799865,-0.8413864575531687,-0.5079787354203322,0.2875777612105723,0.9638817740973086,-0.05384391645824621,-0.2608308996715349,-0.30580272504906336,0.19210802210250072,-0.537744978318317,0.8209292576935592,0.13504247239928358,1.026351834454946,0.30265330921844763
0.023336237540054438,-0.2900710385943644,0.9567205509375561,-0.14251882574659513,0.29251636388142666,0.9170811434047322,0.2709176134419059,1.120099162380828,-0.9559757302772194,0.2735342190298241,0.10625174888293008,-0.24535988405863857,1.6798295445347105,0.17519703987363663
0.13386031985054395,0.9898131582654335,-0.04849047838615067,0.6047328785412069,0.06340247059687171,0.04027670861463029,0.9971749663250602,0.7016146029013096,0.9889699396299783,-0.13655657606933433,-0.0573651465656393,0.5038239722452279,0.8393793294156495,0.22541858570371023
-0.6441655513768145,-0.744876013454553,-0.17381158476769396,0.3423631277176724,0.6511205281287339,-0.4147695843795567,-0.6356164328610209,0.1876928100547044,0.40136367582127214,-0.5226145008069164,0.7521843412871435,1.7403053913087803,1.0108638747459562,0.1480016668753894
-0.43465644435568657,-0.8286115544710564,0.3528125099498769,-0.21813664353366868,0.835231066699067,-0.5174130831948273,-0.18620624736984928,0.04781467206280118,0.3368424566482242,0.21374422363161663,0.9169790435246089,0.7966317325757604,0.36760273099524055,0.1423159515565691
-0.9201652391275129,0.19713491873872718,-0.3382805884399545,-0.03083378171800727,-0.0749062043971031,0.7593993595486209,0.6462984397783762,1.9132709768729037,0.3842980526157086,0.6200406732876639,-0.6840062647554878,0.03875698588372145,2.0883596015482953,0.14577270221065625
-0.37362497320177773,0.29359443144052055,0.8798901574782437,0.42039634385725155,-0.8386613919090339,-0.5121943733067085,-0.18521337336744925,0.9262329190436396,0.39629717273931286,-0.8071302458587869,0.43759492352946866,0.4391572812878259,1.0680071893263772,0.20452425257574955
-0.5656099621114455,0.6665339233453196,0.48561085221624195,1.9196439241598076,0.8186738627747435,0.5247206393002345,0.23332671750537592,-0.40227063872834756,-0.09928986438589485,0.5295288280370096,-0.8424611226092166,-1.336453888170618,1.8756190484125825,0.11527591345325294
0.19345963365185181,0.2900557415801993,-0.937251853518387,0.0941514163853755,0.8478581547392049,0.43125668697746655,0.3084707755678807,0.9973726311315902,0.4936698487749901,-0.8543332702836639,-0.16249536515512747,0.17381718230508109,0.8574758354292176,0.18731668562009174
0.15527245912270496,-0.9778198467682394,-0.1405660368087712,1.077237278465241,-0.7841012448392491,-0.20854230196501744,0.584547129094542,0.31310086489285144,-0.6008957490942399,0.019453934236250435,-0.7990906351367183,0.22324048066057423,1.387584136267621,0.14908142812577074
0.12983978024643872,0.14287954756409513,0.981186560422347,-0.6191352114386713,0.6232468941009903,0.7578772070627137,-0.1928352872487016,0.31236714516893693,-0.7711711486168459,0.6365591676369918,0.009353375768930545,-0.7954968891550194,0.7039180581815211,0.11287476727722699
0.7846330294999074,0.27659285144425116,-0.5548399801273661,-0.9669320339160488,-0.25657529693816666,-0.6698442930426594,-0.6967623268226198,-0.3798582675602096,-0.5643758729950185,0.6890609679905821,-0.4546150639530026,-0.07093043410090055,0.5209803356645105,0.12430695824247545
-0.07783963564556368,0.10047826894372179,0.9918896655337422,2.2047327483642385,-0.9930245260076553,-0.09619350774366765,-0.06818430769055692,-0.7604372470614863,0.08856230501651079,-0.9902782066359141,0.10726505298614493,-0.1835775844613688,1.8396942205291285,0.11283829163853985
-0.8380966505000638,0.5454659889537133,0.007801238063362246,0.9594669724593733,0.32538253849678733,0.5113191531255991,-0.7954111686972386,0.11874935893801963,-0.4378586621981577,-0.6640930496110223,-0.6060199777205136,-0.33744377176791407,0.8248792011047545,0.16828366647197765
-0.020546456088905637,-0.9632421062602937,-0.26784788195806186,0.6604216709173909,0.08380034139439099,0.2653024909670656,-0.9605165751140652,-1.0516259268063344,0.9962707191945223,-0.04218095558309728,0.07526899136913275,0.5488095071651531,1.386433834639116,0.18557969679936687
0.1761684141546901,0.41145077225241156,0.8942443468466074,-0.5050290424966503,0.9033108785307339,0.2934087804084006,-0.3129548598556799,0.7081369152651669,-0.39114466196313474,0.8629134079339299,-0.3199785990118652,0.3166771286047959,0.4970533543606857,0.12605757958094335
-0.13454555484799627,-0.9886876930081957,0.0662883048868866,0.35968239771673455,0.6869858100989238,-0.04486046261623094,0.7252847962122074,-0.061820083542805215,-0.7141064279176953,0.14312297016198955,0.68525019154951,1.523566530990361,1.3546139434980735,0.14869103972848474
0.06692394127242846,0.9927129745864836,-0.10021045939531559,1.0233159022940415,0.23392336825904633,0.08202541564600324,0.9687887741765193,0.24655864198810884,0.9699489903427433,-0.08827673122491586,-0.2267292986301877,-0.05874153908622054,1.7610926346143365,0.19963786054199945
-0.7716720564876451,-0.48663906440561433,-0.40951759208922556,-1.160240460244486,-0.07168695247270639,-0.5732233877812901,0.8162572686020729,-0.2937139248103805,-0.6319677350002172,0.6592399932459869,0.40745479899459547,0.7959724840741997,1.5534333870206265,0.14910794887585424
0.7636982755789093,-0.228500634554232,-0.6037817518657826,-0.8915919515637039,-0.6444028057284956,-0.21352545592426905,-0.7342696396022211,-0.04522280135998835,0.03885830473711959,0.9498391125241401,-0.31031547249905334,0.4191376694445281,0.5440233110208013,0.14160941363574542
-0.2089928596757034,0.8566973635736567,0.4715841513987907,-0.6420917035762186,0.9406931279793447,0.307900823723048,-0.14245533237862554,0.2569685873493084,-0.26724225634619964,0.41384382319495144,-0.8702383963181456,-0.32537032503229335,1.1096301268818747,0.15201682325074445
-0.622763316727548,-0.7470503482741911,-0.23255457097617707,-0.26278908860340344,0.357544623563086,-0.007349712069266994,-0.9338671339615878,-0.6529088112070349,0.695936558530758,-0.6647268302663198,0.27168096662161706,0.9284705332084568,0.6119177315195948,0.13442682000742895
0.374787099709255,-0.45493226808134885,0.8078188295341254,0.3835230589078703,0.36106707065087723,0.8741577766970672,0.3247749250352228,-0.6435898866847201,-0.8539117052618022,0.16995532618426512,0.4918841191972766,-0.05252412863396139,1.4702795810302118,0.2538801797722046
-0.2493729200861037,0.8528435517267138,-0.45877120987033776,0.6036976142961008,-0.5650967551548027,0.2565658406035387,0.7841171001508079,0.8437046243881194,0.7864342337673522,0.4547876930102256,0.41795855086981304,-0.7161064946390615,1.2218893647967446,0.19174358356717855
0.9317173338052518,-0.3119229569566718,0.18602924181493355,-1.4731453806892405,-0.22272869295405573,-0.0861542663530301,0.9710661005946759,1.1307758433318176,-0.28687059664910025,-0.9461931680754079,-0.14974561584771648,-0.2987642711815399,2.0267122806895372,0.1124476974268927
0.39037152759051685,-0.9193816836043309,0.0484498740918079,-0.1846662311693636,-0.918309734425727,-0.3850807297688116,0.09176090245671244,-1.2922868968201437,-0.06570618011722455,-0.08031283467531909,-0.994601702432093,-0.08146451248617637,1.4145502266014627,0.14132584266609716
-0.8486278106273685,0.4671286732947188,0.24823706736850462,1.3623183197806155,0.43332550523975016,0.3447071125274464,0.8327100414200044,-0.22397446597782444,0.30341365417283855,0.8142283519743746,-0.4949468105792569,-0.03698299536004607,1.9276536222272957,0.11956985077556857
-0.19791483030205217,-0.16793315177722407,0.9657267607769174,-0.3203286542482934,-0.18481946389999443,0.973937197923409,0.13148422059249962,0.8579948367771167,-0.9626377749237918,-0.152462424994706,-0.22379393033437073,-0.6082520251519685,1.3718648050844935,0.19352831579165464
0.043020259153215785,0.9230478219211793,-0.3822721226416554,-0.41491965804890546,0.8620807325315001,-0.22767950776401752,-0.4527459026234106,-0.20149350345796369,-0.5049416480152357,-0.310072185451874,-0.8055365739113007,0.307283805106922,1.0866688908167101,0.23099543268161687
0.2712910032106986,0.5559397533690197,0.7857048951107065,0.658221000407335,0.4788381409251248,-0.786085995849487,0.39087445801010157,-1.3547903976219604,0.8349342647013016,0.27018474744758236,-0.47946321639348205,-0.6213985443303003,1.686246969648206,0.12803675184759755
-0.17706453518398582,0.8012370629368851,-0.571548177633656,0.23151685583324533,0.12476025613432222,0.5943120636837689,0.7944986151336187,0.25360686775813757,0.9762597138412388,0.06937103095827446,-0.2051941305067197,0.8987301989594287,0.44526508163416667,0.14201835643445435
0.2925464922194233,0.19065624432269762,0.9370521577750488,0.38135584054285754,0.38098574323370926,0.8755510385206532,-0.2970862541385308,-0.7155102554589379,-0.8770783393419137,0.4439150543135132,0.1835020741328598,0.8493837857626078,1.0947518800550822,0.1495220867258522
-0.6696106010846978,-0.5397478899744431,-0.5101900216420607,0.3637380321314737,0.18264789757855096,0.5461622782590023,-0.8175246242878997,-0.920825284269213,0.7199037355265806,-0.64060828988944,-0.2671322341085074,-0.49738658558691695,0.721674896104709,0.11734232535027854
0.03839638814126817,-0.7460699060343774,-0.6647596653585116,-0.08251952228443915,-0.862632684267662,-0.36052863593806295,0.3548012890362825,0.45843683600580565,-0.5043714597505228,0.5598203265142262,-0.6574272831352773,0.08797003054618491,0.6253239687847758,0.19119710676696391
-0.7900222404164406,0.47132882732572096,-0.39206376545040245,-0.3863746839182735,-0.16719432897986256,0.44962507406221264,0.8774299682205546,0.4607895208002295,0.5898397375595857,0.7587400274839272,-0.27641030134444794,-0.7251859951594408,0.4916020046047455,0.1305755541976629
-0.8027862239161475,-0.030376588458979784,0.5954926880861313,0.18360646058808883,-0.4426973740490754,0.699397882555153,-0.5611253308196141,0.9645470774591781,-0.39944125187630014,-0.7140867347535328,-0.5749146210947604,-0.48196588148159747,0.9089828224396607,0.14258815572817932
-0.23296512882042453,-0.40123192099404636,0.8858556283780727,0.15503398378843491,0.9027993695153078,0.2493819612503082,0.3503739941915104,-0.9162282347391087,-0.36149764474536444,0.8813748254734628,0.30413462457467266,-0.7236075409495991,0.8814102793955922,0.1567099887092826
-0.19011977526363366,0.945582033541023,-0.2640626609313188,-0.8049090450680274,0.3665337168529594,0.31788442463349703,0.8744155345059835,0.6516327190540326,0.9107730263153714,0.06945581631406875,-0.40702381271430094,-0.6100032882584419,0.4304520832631994,0.12667333689389979
-0.061901807603504944,-0.9302374867917189,0.36169930105385206,0.3869694003744637,0.8264164151006549,0.1554314412933357,0.5411810934517746,1.3157485159706854,-0.5596463839493654,0.332414327646843,0.7591420418521798,0.5302532714126946,0.8268765376145429,0.13846583449899252
0.8528957033759871,-0.3579827583636339,0.3800227149489152,-0.6675158459082728,-0.00973251849931993,-0.7386749784756272,-0.6739915090397594,-0.06844071901648585,0.5219906103048605,0.5711458840685064,-0.6334967891514239,-0.36816669780611544,1.194608647183811,0.21574283068770417
